1486663495,219640096,1357205368.0,1454635,1486663495
1486663066,219639078,3.2389232244e+11,1454635,1486663495
1486661782,219632693,5521286324.0,1454635,1486663495
1486662571,219634324,4000070000.0,1454635,1486663495
1486662102,219633498,35047321336.0,1454635,1486663495
1486661690,219628611,3559643417.0,1454635,1486663495
1486663122,219641248,23639995000.0,1454635,1486663495
1486660346,219622170,4181886142.0,1454635,1486663495
1486662443,219635942,50454466499.0,1454635,1486663495
1486653368,219584554,303588024.0,1454635,1486663495
1486652964,219581593,1.00391296035e+11,1454635,1486663495
1486663444,219639923,38268777.0,1454635,1486663495
1486663392,219641718,69053185.0,1454635,1486663495
1486663461,219641849,492868543.0,1454635,1486663495
1486663341,219641643,10920.0,1454635,1486663495
1486663353,219643716,182280323.0,1454635,1486663495
1486663366,219641676,9051510.0,1454635,1486663495
1486663383,219641700,1739125088.0,1454635,1486663495
1486663457,219643910,6196785.0,1454635,1486663495
1486663442,219641812,292401132.0,1454635,1486663495
1486663462,219641851,9499676608.0,1454635,1486663495
1486663442,219639919,139040001.0,1454635,1486663495
1486663472,219643937,2243165.0,1454635,1486663495
1486663371,219641683,1999900000.0,1454635,1486663495
1486663455,219641841,75244059.0,1454635,1486663495
1486663395,219643804,122495763.0,1454635,1486663495
1486663457,219641844,61891704.0,1454635,1486663495
1486663379,219643772,1088700.0,1454635,1486663495
1486663452,219643899,8176052254.0,1454635,1486663495
1486663459,219641846,2170245.0,1454635,1486663495
1486663369,219639801,203094452.0,1454635,1486663495
1486663382,219641709,1450998000.0,1454635,1486663495
1486663431,219639897,970000.0,1454635,1486663495
1486663462,219643919,86859900.0,1454635,1486663495
1486663356,219643721,33647400.0,1454635,1486663495
1486663456,219643907,2159974.0,1454635,1486663495
1486663453,219643903,2954800.0,1454635,1486663495
1486663456,219639950,3409300.0,1454635,1486663495
1486663476,219639982,44630026.0,1454635,1486663495
1486663456,219641842,2539367.0,1454635,1486663495
1486663355,219643719,14955310.0,1454635,1486663495
1486663429,219639895,101025.0,1454635,1486663495
1486663463,219641853,139856124.0,1454635,1486663495
1486663453,219641839,119741.0,1454635,1486663495
1486663420,219643849,3001555.0,1454635,1486663495
1486663452,219643901,3881434324.0,1454635,1486663495
1486663418,219639880,1014800.0,1454635,1486663495
1486663429,219641788,3114387.0,1454635,1486663495
1486663347,219639773,17054164.0,1454635,1486663495
1486663475,219641878,3637794.0,1454635,1486663495
1486663366,219643794,15334826889.0,1454635,1486663495
1486663418,219643847,2986978.0,1454635,1486663495
1486663451,219643898,7935600.0,1454635,1486663495
1486663445,219643884,105272.0,1454635,1486663495
1486663418,219639878,575332.0,1454635,1486663495
1486663377,219641693,1973754.0,1454635,1486663495
1486663378,219643788,4319516.0,1454635,1486663495
1486663445,219643883,1116200.0,1454635,1486663495
1486663465,219639963,11213342.0,1454635,1486663495
1486663396,219639844,95751.0,1454635,1486663495
1486663464,219639961,450000.0,1454635,1486663495
1486663364,219639798,2707452110.0,1454635,1486663495
1486663442,219643878,2568392.0,1454635,1486663495
1486663480,219641885,20345452.0,1454635,1486663495
1486663487,219643964,34582417.0,1454635,1486663495
1486663475,219639980,46581414.0,1454635,1486663495
1486663365,219641675,7826576.0,1454635,1486663495
1486663355,219639785,683683793.0,1454635,1486663495
1486663342,219639764,7943342.0,1454635,1486663495
1486663414,219643840,600152551.0,1454635,1486663495
1486663493,219641909,27026082.0,1454635,1486663495
1486663463,219639960,6470545.0,1454635,1486663495
1486663388,219639827,120671.0,1454635,1486663495
1486663372,219643760,1387542.0,1454635,1486663495
1486663469,219641864,524652422.0,1454635,1486663495
1486663433,219643864,722405404.0,1454635,1486663495
1486663409,219643832,330247239.0,1454635,1486663495
1486663493,219640008,1881871000.0,1454635,1486663495
1486663397,219639845,1606471729.0,1454635,1486663495
1486663451,219639936,10970384.0,1454635,1486663495
1486663456,219643908,970768.0,1454635,1486663495
1486663409,219643830,300000.0,1454635,1486663495
1486663405,219639858,80610669.0,1454635,1486663495
1486663480,219639988,479961300.0,1454635,1486663495
1486663348,219643706,457399735.0,1454635,1486663495
1486663450,219641829,1316495659.0,1454635,1486663495
1486663437,219641801,2209688.0,1454635,1486663495
1486663395,219641724,5666191.0,1454635,1486663495
1486663417,219641768,371999.0,1454635,1486663495
1486663354,219643718,14511835.0,1454635,1486663495
1486663437,219643874,280000.0,1454635,1486663495
1486663401,219641735,2205995.0,1454635,1486663495
1486663380,219639820,7256700.0,1454635,1486663495
1486663433,219639900,9066205.0,1454635,1486663495
1486662477,219638031,40015520.0,1454635,1486663495
1486663467,219639968,609713.0,1454635,1486663495
1486663493,219641906,1016318.0,1454635,1486663495
1486663389,219643806,300000.0,1454635,1486663495
1486663407,219639864,291929.0,1454635,1486663495
1486663415,219643842,2411560.0,1454635,1486663495
1486663343,219641646,562600148.0,1454635,1486663495
1486663402,219643814,553557717.0,1454635,1486663495
1486663424,219643855,543296413.0,1454635,1486663495
1486663482,219641889,427091306.0,1454635,1486663495
1486663445,219639925,26777872.0,1454635,1486663495
1486663352,219643713,99967601.0,1454635,1486663495
1486663476,219643945,63176740.0,1454635,1486663495
1486663432,219639899,11362468.0,1454635,1486663495
1486663404,219641739,9322635.0,1454635,1486663495
1486663469,219641863,5758138.0,1454635,1486663495
1486663399,219643812,60000.0,1454635,1486663495
1486663489,219641899,6484970.0,1454635,1486663495
1486663453,219643905,40000.0,1454635,1486663495
1486663423,219641781,9927480.0,1454635,1486663495
1486663461,219643917,640000.0,1454635,1486663495
1486663388,219643782,655500.0,1454635,1486663495
1486663468,219639971,20000.0,1454635,1486663495
1486663489,219643967,16268640.0,1454635,1486663495
1486663389,219643784,788173059.0,1454635,1486663495
1486663389,219641725,12047992.0,1454635,1486663495
1486663442,219641810,2118385.0,1454635,1486663495
1486663413,219639874,5265164.0,1454635,1486663495
1486663493,219640007,39000.0,1454635,1486663495
1486663416,219643844,15968360.0,1454635,1486663495
1486663423,219639887,1583851.0,1454635,1486663495
1486663443,219643881,2945880.0,1454635,1486663495
1486663398,219639847,3968360.0,1454635,1486663495
1486663354,219639784,788012046.0,1454635,1486663495
1486663422,219641780,28507173.0,1454635,1486663495
1486663408,219641749,29937460.0,1454635,1486663495
1486663453,219639946,4334022.0,1454635,1486663495
1486663456,219639951,4098360.0,1454635,1486663495
1486663461,219641848,2308637.0,1454635,1486663495
1486663389,219641707,793584920.0,1454635,1486663495
1486663389,219641728,1949954.0,1454635,1486663495
1486663428,219639892,37933360.0,1454635,1486663495
1486663488,219640001,24004231.0,1454635,1486663495
1486663389,219643783,125151.0,1454635,1486663495
1486663359,219643728,31002200.0,1454635,1486663495
1486663427,219639891,89212.0,1454635,1486663495
1486663389,219639828,794076320.0,1454635,1486663495
1486663414,219641761,2309794.0,1454635,1486663495
1486663340,219639762,784962549.0,1454635,1486663495
1486663491,219640005,1648360.0,1454635,1486663495
1486663361,219639797,56084864.0,1454635,1486663495
1486663440,219639916,1034620.0,1454635,1486663495
1486663461,219639958,98182570.0,1454635,1486663495
1486663487,219641897,2309900.0,1454635,1486663495
1486663425,219643856,9058760.0,1454635,1486663495
1486663392,219641716,3098369.0,1454635,1486663495
1486663480,219639987,1144466.0,1454635,1486663495
1486663475,219639979,3536745.0,1454635,1486663495
1486663482,219639989,4757423.0,1454635,1486663495
1486663490,219643970,168233903.0,1454635,1486663495
1486663465,219639964,5747000.0,1454635,1486663495
1486663462,219641852,3937000.0,1454635,1486663495
1486663493,219641907,327595959.0,1454635,1486663495
1486663487,219641896,1414926.0,1454635,1486663495
1486663457,219639953,4181747.0,1454635,1486663495
1486663449,219643892,29968360.0,1454635,1486663495
1486663388,219643781,789802418.0,1454635,1486663495
1486663422,219643853,9457489.0,1454635,1486663495
1486663445,219639927,2720048.0,1454635,1486663495
1486663360,219639795,125405.0,1454635,1486663495
1486663360,219641666,277641.0,1454635,1486663495
1486663397,219641729,4725110.0,1454635,1486663495
1486663379,219643773,1001000001.0,1454635,1486663495
1486663485,219643963,19928994.0,1454635,1486663495
1486663342,219639765,22837500.0,1454635,1486663495
1486663351,219641654,1001000001.0,1454635,1486663495
1486663442,219641811,11829276.0,1454635,1486663495
1486663502,219641920,2383145.0,1454635,1486663495
1486663475,219643943,11629573.0,1454635,1486663495
1486663362,219641669,971641779.0,1454635,1486663495
1486663488,219643966,1955395.0,1454635,1486663495
1486663473,219641872,34024855.0,1454635,1486663495
1486663495,219640097,2931634.0,1454635,1486663495
1486663418,219641770,9936092.0,1454635,1486663495
1486663394,219643800,45552506.0,1454635,1486663495
1486663410,219639868,147210120.0,1454635,1486663495
1486663439,219643876,8438431.0,1454635,1486663495
1486663443,219639920,2068041.0,1454635,1486663495
1486663474,219639978,4468871.0,1454635,1486663495
1486663342,219643699,19677861.0,1454635,1486663495
1486663411,219639870,1106876.0,1454635,1486663495
1486663451,219641830,1170000.0,1454635,1486663495
1486663487,219641895,1.129362825e+11,1454635,1486663495
1486663406,219639860,137423817.0,1454635,1486663495
1486663428,219639894,270794984.0,1454635,1486663495
1486663490,219641901,441817213.0,1454635,1486663495
1486663384,219641703,54048406.0,1454635,1486663495
1486663495,219640098,45888743.0,1454635,1486663495
1486663392,219643793,10416988174.0,1454635,1486663495
1486663370,219641730,3099280385.0,1454635,1486663495
1486663387,219639843,77123445.0,1454635,1486663495
1486663433,219639902,157967548.0,1454635,1486663495
1486663353,219643717,248358620.0,1454635,1486663495
1486663362,219641668,249031147.0,1454635,1486663495
1486663409,219643831,739965324.0,1454635,1486663495
1486663411,219641753,57019100.0,1454635,1486663495
1486663480,219639986,37929343.0,1454635,1486663495
1486663411,219641754,72852179.0,1454635,1486663495
1486663358,219641663,999949690.0,1454635,1486663495
1486663370,219643787,3490044576.0,1454635,1486663495
1486663414,219641762,3486549596.0,1454635,1486663495
1486663403,219641736,6735036258.0,1454635,1486663495
1486663451,219643897,85070137.0,1454635,1486663495
1486663458,219643911,3400254616.0,1454635,1486663495
1486663374,219641687,227448255.0,1454635,1486663495
1486663345,219643702,5049550.0,1454635,1486663495
1486663438,219639913,234174908.0,1454635,1486663495
1486663391,219641713,123773960.0,1454635,1486663495
1486663380,219641695,24520020.0,1454635,1486663495
1486663461,219643916,2040438.0,1454635,1486663495
1486663476,219643948,169530998.0,1454635,1486663495
1486663467,219641857,965020.0,1454635,1486663495
1486663448,219643891,208748796.0,1454635,1486663495
1486663464,219641855,3088377.0,1454635,1486663495
1486663366,219643753,2985320.0,1454635,1486663495
1486662535,219634259,55631146.0,1454635,1486663495
1486662546,219634280,55514166.0,1454635,1486663495
1486663499,219641915,254159800.0,1454635,1486663495
1486663374,219639840,78762271.0,1454635,1486663495
1486662571,219634327,54668986.0,1454635,1486663495
1486663475,219641879,23858834.0,1454635,1486663495
1486663426,219641784,293855790.0,1454635,1486663495
1486659665,219621066,471540441.0,1454635,1486663495
1486659669,219622801,470978861.0,1454635,1486663495
1486659676,219618696,469198581.0,1454635,1486663495
1486659688,219624868,469102001.0,1454635,1486663495
1486659693,219622839,468701521.0,1454635,1486663495
1486659699,219622846,468433341.0,1454635,1486663495
1486659705,219621126,468095861.0,1454635,1486663495
1486659707,219624906,467442881.0,1454635,1486663495
1486663378,219643770,116659047.0,1454635,1486663495
1486656467,219602740,104206962.0,1454635,1486663495
1486656473,219604632,103940182.0,1454635,1486663495
1486656480,219606515,103248502.0,1454635,1486663495
1486656516,219602830,97848622.0,1454635,1486663495
1486656544,219606617,96825142.0,1454635,1486663495
1486656548,219602885,95817462.0,1454635,1486663495
1486659718,219622878,467109401.0,1454635,1486663495
1486659737,219621177,464988621.0,1454635,1486663495
1486659754,219621219,464846641.0,1454635,1486663495
1486659761,219621229,464697061.0,1454635,1486663495
1486659765,219625010,464599781.0,1454635,1486663495
1486659770,219621242,463223001.0,1454635,1486663495
1486659775,219621246,462117521.0,1454635,1486663495
1486663400,219639854,131089982.0,1454635,1486663495
1486663492,219641903,2906360.0,1454635,1486663495
1486656565,219604762,90539482.0,1454635,1486663495
1486656573,219602927,89804102.0,1454635,1486663495
1486656602,219604843,88820522.0,1454635,1486663495
1486663443,219639921,31083264.0,1454635,1486663495
1486663469,219639972,3401575.0,1454635,1486663495
1486659782,219625028,459855441.0,1454635,1486663495
1486659794,219621272,459333261.0,1454635,1486663495
1486659797,219625060,455069281.0,1454635,1486663495
1486659797,219621275,454757701.0,1454635,1486663495
1486663373,219641719,160577516.0,1454635,1486663495
1486656642,219603053,88609642.0,1454635,1486663495
1486656646,219604946,87583862.0,1454635,1486663495
1486656649,219606811,87162582.0,1454635,1486663495
1486656653,219604954,86807502.0,1454635,1486663495
1486656655,219606823,86549522.0,1454635,1486663495
1486656666,219606841,32411442.0,1454635,1486663495
1486656684,219606875,31826362.0,1454635,1486663495
1486663343,219641645,143193270.0,1454635,1486663495
1486660940,219631054,454662021.0,1454635,1486663495
1486663495,219643974,5370340.0,1454635,1486663495
1486662573,219634330,54181506.0,1454635,1486663495
1486662579,219634344,48625626.0,1454635,1486663495
1486662586,219634356,48477046.0,1454635,1486663495
1486662590,219636184,47341166.0,1454635,1486663495
1486662594,219636191,47232086.0,1454635,1486663495
1486662596,219634370,46751406.0,1454635,1486663495
1486662598,219636196,46369526.0,1454635,1486663495
1486662605,219634384,44860246.0,1454635,1486663495
1486662615,219638282,44687466.0,1454635,1486663495
1486662624,219636245,43135386.0,1454635,1486663495
1486662627,219636252,42097906.0,1454635,1486663495
1486662638,219638325,41890526.0,1454635,1486663495
1486662648,219638339,41246346.0,1454635,1486663495
1486662654,219634444,39976966.0,1454635,1486663495
1486662662,219634457,39675986.0,1454635,1486663495
1486662669,219636327,39547006.0,1454635,1486663495
1486662672,219638382,24772726.0,1454635,1486663495
1486662682,219634497,24084046.0,1454635,1486663495
1486662706,219636382,18061666.0,1454635,1486663495
1486662710,219634538,17439186.0,1454635,1486663495
1486662713,219638443,17295406.0,1454635,1486663495
1486662727,219634567,16923726.0,1454635,1486663495
1486663415,219643841,1000920.0,1454635,1486663495
1486656688,219605004,30925282.0,1454635,1486663495
1486656693,219605014,30675802.0,1454635,1486663495
1486656695,219606893,30352922.0,1454635,1486663495
1486656712,219606928,23753442.0,1454635,1486663495
1486656718,219603167,23657962.0,1454635,1486663495
1486656723,219605054,21080482.0,1454635,1486663495
1486656751,219607007,20878302.0,1454635,1486663495
1486656781,219607064,10667122.0,1454635,1486663495
1486663417,219641769,17178100.0,1454635,1486663495
1486663451,219639935,10466420.0,1454635,1486663495
1486663445,219639924,10963185.0,1454635,1486663495
1486663453,219641837,4345731.0,1454635,1486663495
1486663400,219639855,12220214.0,1454635,1486663495
1486663473,219641874,4381766.0,1454635,1486663495
1486663476,219643949,3076914.0,1454635,1486663495
1486663420,219639884,4920797737.0,1454635,1486663495
1486663393,219639834,1940900.0,1454635,1486663495
1486661518,219630074,496119061.0,1454635,1486663495
1486661521,219628302,388983681.0,1454635,1486663495
1486661530,219630098,388867901.0,1454635,1486663495
1486661540,219628345,362110321.0,1454635,1486663495
1486661563,219630176,361654941.0,1454635,1486663495
1486663490,219643969,477674.0,1454635,1486663495
1486663406,219639861,46151410.0,1454635,1486663495
1486663426,219639890,68945120.0,1454635,1486663495
1486663416,219643845,274807887.0,1454635,1486663495
1486663439,219639914,141518.0,1454635,1486663495
1486663344,219643700,30628489.0,1454635,1486663495
1486663393,219639835,4788663.0,1454635,1486663495
1486663485,219639995,275347512.0,1454635,1486663495
1486663494,219641910,27430372.0,1454635,1486663495
1486663397,219641726,550542.0,1454635,1486663495
1486663413,219641759,8331394.0,1454635,1486663495
1486663424,219639888,56519572.0,1454635,1486663495
1486663399,219641732,49971280.0,1454635,1486663495
1486663406,219639863,49217093.0,1454635,1486663495
1486663344,219639767,69099647.0,1454635,1486663495
1486663474,219643941,499734600.0,1454635,1486663495
1486663410,219639867,69971280.0,1454635,1486663495
1486663353,219639783,5741779.0,1454635,1486663495
1486663413,219641760,365302800.0,1454635,1486663495
1486663443,219639922,433298434.0,1454635,1486663495
1486663489,219640003,3469103.0,1454635,1486663495
1486663355,219639787,17598000.0,1454635,1486663495
1486663409,219639866,23177423.0,1454635,1486663495
1486663480,219643952,146778578.0,1454635,1486663495
1486663450,219639934,143504060.0,1454635,1486663495
1486663446,219643887,73316240.0,1454635,1486663495
1486663464,219643923,301397521.0,1454635,1486663495
1486663391,219639830,276996033.0,1454635,1486663495
1486663483,219643959,631555758.0,1454635,1486663495
1486663487,219639999,22895903.0,1454635,1486663495
1486663430,219639896,17957398.0,1454635,1486663495
1486663350,219639779,102828940.0,1454635,1486663495
1486663405,219643820,67504215.0,1454635,1486663495
1486663352,219643715,14075053676.0,1454635,1486663495
1486663372,219641710,2350688.0,1454635,1486663495
1486663417,219639877,135890980.0,1454635,1486663495
1486663421,219643852,149885820.0,1454635,1486663495
1486663387,219643777,3138364587.0,1454635,1486663495
1486663346,219641648,1474161683.0,1454635,1486663495
1486663369,219643795,169869529.0,1454635,1486663495
1486663473,219639975,3848040.0,1454635,1486663495
1486663490,219640004,183931155.0,1454635,1486663495
1486663426,219643858,1819577.0,1454635,1486663495
1486663491,219640006,1492100.0,1454635,1486663495
1486663436,219639911,9950000.0,1454635,1486663495
1486663342,219639763,6588327.0,1454635,1486663495
1486663345,219639769,1719567.0,1454635,1486663495
1486663352,219643714,15101889.0,1454635,1486663495
1486663364,219641671,14285911.0,1454635,1486663495
1486663454,219643906,113136549.0,1454635,1486663495
1486663397,219641727,834185.0,1454635,1486663495
1486663448,219641822,31045133.0,1454635,1486663495
1486663380,219639819,13673531.0,1454635,1486663495
1486663361,219641667,663171.0,1454635,1486663495
1486663349,219639778,1520377.0,1454635,1486663495
1486663367,219643756,683823.0,1454635,1486663495
1486663392,219641715,1189136.0,1454635,1486663495
1486663387,219641705,50442.0,1454635,1486663495
1486663397,219643807,4411101.0,1454635,1486663495
1486663387,219639825,3653623.0,1454635,1486663495
1486663467,219639969,42032601.0,1454635,1486663495
1486663457,219643909,2646168.0,1454635,1486663495
1486663410,219641752,4100480.0,1454635,1486663495
1486663418,219639879,4896517.0,1454635,1486663495
1486663394,219643803,1739518.0,1454635,1486663495
1486663403,219639856,1034084.0,1454635,1486663495
1486663356,219643720,5145312.0,1454635,1486663495
1486663370,219641682,4453876.0,1454635,1486663495
1486663389,219643801,825184.0,1454635,1486663495
1486663405,219639857,13386959.0,1454635,1486663495
1486663424,219643854,9728930.0,1454635,1486663495
1486663425,219643857,182453893.0,1454635,1486663495
1486663354,219641659,139974392.0,1454635,1486663495
1486663387,219643778,1018200.0,1454635,1486663495
1486663397,219643808,5074525.0,1454635,1486663495
1486662697,219638421,487686.0,1454635,1486663495
1486663325,219639734,5069498.0,1454635,1486663495
1486662753,219638517,8689800.0,1454635,1486663495
1486662227,219633708,4024688.0,1454635,1486663495
1486662895,219636731,658909.0,1454635,1486663495
1486663167,219643385,8861700.0,1454635,1486663495
1486663445,219639926,99974800.0,1454635,1486663495
1486662899,219634860,1524767.0,1454635,1486663495
1486662995,219636932,514458127.0,1454635,1486663495
1486663008,219638960,3193138.0,1454635,1486663495
1486662857,219636668,7154536.0,1454635,1486663495
1486662195,219633657,1200241.0,1454635,1486663495
1486663441,219641809,103102250.0,1454635,1486663495
1486663249,219639597,19317955.0,1454635,1486663495
1486663054,219639247,4771967.0,1454635,1486663495
1486661997,219635109,1160011.0,1454635,1486663495
1486662345,219633938,1526228.0,1454635,1486663495
1486662928,219634911,3115240.0,1454635,1486663495
1486663177,219643402,5545891.0,1454635,1486663495
1486662989,219638913,126522534.0,1454635,1486663495
1486662889,219634835,91614825.0,1454635,1486663495
1486662731,219634570,69450860.0,1454635,1486663495
1486662492,219634195,47489821.0,1454635,1486663495
1486662492,219634196,13240306.0,1454635,1486663495
1486662536,219636104,48611979.0,1454635,1486663495
1486662522,219636086,47565267.0,1454635,1486663495
1486662789,219636533,76014069.0,1454635,1486663495
1486662166,219633617,203042964.0,1454635,1486663495
1486662051,219637254,5089105.0,1454635,1486663495
1486662268,219637660,22802401.0,1454635,1486663495
1486663099,219639152,53464304.0,1454635,1486663495
1486662803,219636557,536134064.0,1454635,1486663495
1486663272,219639649,641469652.0,1454635,1486663495
1486662339,219637785,18209207.0,1454635,1486663495
1486662065,219637274,19219207.0,1454635,1486663495
1486662235,219633724,978167.0,1454635,1486663495
1486662066,219633412,11289207.0,1454635,1486663495
1486663213,219639526,90833959.0,1454635,1486663495
1486662492,219638069,10179082.0,1454635,1486663495
1486663482,219643956,490868367.0,1454635,1486663495
1486662003,219635125,3021798179.0,1454635,1486663495
1486663409,219643829,293648469.0,1454635,1486663495
1486663425,219639889,8878571.0,1454635,1486663495
1486663434,219641794,2503854.0,1454635,1486663495
1486663246,219643519,49561341.0,1454635,1486663495
1486662492,219636031,11199490.0,1454635,1486663495
1486662572,219638192,50131939.0,1454635,1486663495
1486663258,219639617,612738802.0,1454635,1486663495
1486662696,219638420,55916561.0,1454635,1486663495
1486662803,219634699,84925979.0,1454635,1486663495
1486662492,219638070,29445918.0,1454635,1486663495
1486662492,219638067,11199490.0,1454635,1486663495
1486663211,219641407,156207972.0,1454635,1486663495
1486663135,219643317,155107759.0,1454635,1486663495
1486663343,219639766,277611814.0,1454635,1486663495
1486662926,219638803,96632295.0,1454635,1486663495
1486662805,219634705,84171564.0,1454635,1486663495
1486662789,219638562,5509538.0,1454635,1486663495
1486662094,219635318,3654097167.0,1454635,1486663495
1486662670,219634470,1009103.0,1454635,1486663495
1486662040,219637236,16450590.0,1454635,1486663495
1486662271,219635638,22919504.0,1454635,1486663495
1486663417,219641767,40382897.0,1454635,1486663495
1486662499,219636051,234935896.0,1454635,1486663495
1486663023,219638980,198019.0,1454635,1486663495
1486662574,219634333,4390494.0,1454635,1486663495
1486662492,219638068,30587245.0,1454635,1486663495
1486662500,219636053,2725102.0,1454635,1486663495
1486662492,219634194,14147068.0,1454635,1486663495
1486662234,219633719,7424490.0,1454635,1486663495
1486662492,219636032,15798956.0,1454635,1486663495
1486663205,219643445,83694984.0,1454635,1486663495
1486663216,219639537,81629984.0,1454635,1486663495
1486663110,219639353,154879374.0,1454635,1486663495
1486662462,219638005,16184150.0,1454635,1486663495
1486662122,219635380,20239918.0,1454635,1486663495
1486662341,219633932,12723469.0,1454635,1486663495
1486662963,219634983,104666792.0,1454635,1486663495
1486662311,219635716,9847142.0,1454635,1486663495
1486662342,219635778,10179082.0,1454635,1486663495
1486662244,219635595,26611452.0,1454635,1486663495
1486662707,219638436,66266292.0,1454635,1486663495
1486663315,219639709,249033579.0,1454635,1486663495
1486663273,219639651,161875990.0,1454635,1486663495
1486663445,219643886,411684694.0,1454635,1486663495
1486662455,219637987,45762773.0,1454635,1486663495
1486662709,219636384,20979207.0,1454635,1486663495
1486662335,219637777,5066207.0,1454635,1486663495
1486662371,219637850,2059207.0,1454635,1486663495
1486662083,219637315,1630439970.0,1454635,1486663495
1486662101,219637356,4830999358.0,1454635,1486663495
1486662100,219637349,4721177288.0,1454635,1486663495
1486662080,219633445,621872140.0,1454635,1486663495
1486662448,219635953,4884597970.0,1454635,1486663495
1486662095,219635320,3816579004.0,1454635,1486663495
1486662451,219637982,4983650350.0,1454635,1486663495
1486662085,219635294,1954034755.0,1454635,1486663495
1486662100,219635338,4693523149.0,1454635,1486663495
1486662100,219637346,4621149039.0,1454635,1486663495
1486662091,219635311,2889720382.0,1454635,1486663495
1486662134,219635405,3035440328.0,1454635,1486663495
1486662247,219637622,3013986756.0,1454635,1486663495
1486662363,219633974,3010441756.0,1454635,1486663495
1486662366,219633981,2999707079.0,1454635,1486663495
1486662482,219636006,2989322500.0,1454635,1486663495
1486662724,219636407,2988197500.0,1454635,1486663495
1486662727,219638471,2985399994.0,1454635,1486663495
1486662731,219638477,2973914676.0,1454635,1486663495
1486662746,219636457,2973489479.0,1454635,1486663495
1486662750,219634604,2939301162.0,1454635,1486663495
1486662970,219636893,2934068958.0,1454635,1486663495
1486662976,219638892,2918581958.0,1454635,1486663495
1486663083,219639107,2866463733.0,1454635,1486663495
1486663212,219643452,2862377055.0,1454635,1486663495
1486663216,219639532,2811227055.0,1454635,1486663495
1486663443,219643882,2761202055.0,1454635,1486663495
1486662103,219637359,10573489.0,1454635,1486663495
1486662799,219636553,10338372.0,1454635,1486663495
1486663392,219639832,13726002.0,1454635,1486663495
1486663219,219641431,10103324.0,1454635,1486663495
1486662453,219634134,1582533.0,1454635,1486663495
1486662453,219634132,4032095.0,1454635,1486663495
1486662453,219634135,3008949.0,1454635,1486663495
1486662971,219635009,1601942.0,1454635,1486663495
1486662717,219638450,586207.0,1454635,1486663495
1486662280,219635656,32799207.0,1454635,1486663495
1486662777,219636510,31018000.0,1454635,1486663495
1486662970,219636892,74952007.0,1454635,1486663495
1486662098,219633482,1759207.0,1454635,1486663495
1486663043,219639014,15694962.0,1454635,1486663495
1486663067,219639278,1128516.0,1454635,1486663495
1486662042,219633355,5202699.0,1454635,1486663495
1486662094,219637335,3476727358.0,1454635,1486663495
1486662092,219637332,3063026722.0,1454635,1486663495
1486663049,219639028,133820335.0,1454635,1486663495
1486662081,219637310,1619168932.0,1454635,1486663495
1486662450,219637979,4936665660.0,1454635,1486663495
1486662101,219635340,1921031775.0,1454635,1486663495
1486662820,219636592,3813980938.0,1454635,1486663495
1486663105,219639344,3527423.0,1454635,1486663495
1486662091,219637331,2740060183.0,1454635,1486663495
1486662077,219637301,2701854517.0,1454635,1486663495
1486662096,219637340,4057343080.0,1454635,1486663495
1486662098,219635331,4332689769.0,1454635,1486663495
1486662454,219634141,597415500.0,1454635,1486663495
1486662805,219638600,573350460.0,1454635,1486663495
1486662806,219638601,563204320.0,1454635,1486663495
1486662807,219634708,562068580.0,1454635,1486663495
1486662808,219636576,556957301.0,1454635,1486663495
1486662809,219636577,337377141.0,1454635,1486663495
1486663173,219639468,317552501.0,1454635,1486663495
1486663174,219641345,316514061.0,1454635,1486663495
1486663174,219639469,225061531.0,1454635,1486663495
1486663175,219639470,219969991.0,1454635,1486663495
1486663447,219643889,201391351.0,1454635,1486663495
1486663449,219643894,197232711.0,1454635,1486663495
1486663450,219641826,177622181.0,1454635,1486663495
1486663451,219639939,167288541.0,1454635,1486663495
1486663452,219639940,166232901.0,1454635,1486663495
1486663452,219643902,155097051.0,1454635,1486663495
1486663453,219643904,87872521.0,1454635,1486663495
1486663455,219639949,87331881.0,1454635,1486663495
1486662096,219635324,3884881186.0,1454635,1486663495
1486662449,219634128,4890857931.0,1454635,1486663495
1486662072,219633424,1205270.0,1454635,1486663495
1486662097,219635330,4069410375.0,1454635,1486663495
1486662760,219638523,22439207.0,1454635,1486663495
1486662373,219634001,2932779.0,1454635,1486663495
1486662208,219637548,38873138.0,1454635,1486663495
1486663249,219639599,3570725.0,1454635,1486663495
1486662067,219637277,4975313.0,1454635,1486663495
1486662063,219633403,6365832.0,1454635,1486663495
1486663436,219641796,15908753.0,1454635,1486663495
1486662634,219634411,5257003.0,1454635,1486663495
1486663295,219641567,5020437.0,1454635,1486663495
1486662120,219633526,4045571779.0,1454635,1486663495
1486662480,219636002,4000530979.0,1454635,1486663495
1486663021,219636971,3900290179.0,1454635,1486663495
1486663201,219639506,3865249379.0,1454635,1486663495
1486663381,219639822,3785208579.0,1454635,1486663495
1486663443,219641813,19208701.0,1454635,1486663495
1486663452,219641831,13615821.0,1454635,1486663495
1486663452,219641832,4975000.0,1454635,1486663495
1486662456,219637993,2181715.0,1454635,1486663495
1486661993,219637133,21489207.0,1454635,1486663495
1486662382,219635847,7035446744.0,1454635,1486663495
1486662247,219635603,3654675.0,1454635,1486663495
1486662809,219636578,28250086.0,1454635,1486663495
1486662247,219635602,4968207.0,1454635,1486663495
1486662017,219635166,1976058.0,1454635,1486663495
1486663302,219639688,22697765.0,1454635,1486663495
1486662468,219635974,2834090.0,1454635,1486663495
1486662370,219637847,448113.0,1454635,1486663495
1486663014,219639181,346907.0,1454635,1486663495
1486663328,219641615,121471254.0,1454635,1486663495
1486662901,219636744,14178813.0,1454635,1486663495
1486662787,219634670,4001037.0,1454635,1486663495
1486662148,219635437,1363213.0,1454635,1486663495
1486662009,219633277,34764768.0,1454635,1486663495
1486663166,219639447,5505877.0,1454635,1486663495
1486662278,219633795,20203573.0,1454635,1486663495
1486662507,219636066,162089.0,1454635,1486663495
1486663492,219641902,107655651.0,1454635,1486663495
1486663075,219637061,274958.0,1454635,1486663495
1486663364,219641674,5001000008.0,1454635,1486663495
1486663000,219638942,233372.0,1454635,1486663495
1486663043,219639227,272952.0,1454635,1486663495
1486663408,219643828,1956468.0,1454635,1486663495
1486663001,219635061,332625.0,1454635,1486663495
1486663038,219636998,271794.0,1454635,1486663495
1486662946,219638835,3612964.0,1454635,1486663495
1486662943,219636835,63734.0,1454635,1486663495
1486662495,219634202,7855800.0,1454635,1486663495
1486662288,219633813,1202012.0,1454635,1486663495
1486662652,219636297,1098728506.0,1454635,1486663495
1486662809,219634714,23507513.0,1454635,1486663495
1486663171,219641338,5599800.0,1454635,1486663495
1486663122,219641249,6346167.0,1454635,1486663495
1486662990,219638917,1403506.0,1454635,1486663495
1486663073,219637058,180000.0,1454635,1486663495
1486663091,219639319,180000.0,1454635,1486663495
1486662438,219634108,10010.0,1454635,1486663495
1486662138,219633568,3757502.0,1454635,1486663495
1486662005,219633270,30482159.0,1454635,1486663495
1486663110,219637121,6642941.0,1454635,1486663495
1486662406,219637904,3046492.0,1454635,1486663495
1486662045,219633361,1279330.0,1454635,1486663495
1486662567,219634315,3534933.0,1454635,1486663495
1486662644,219638333,3409449.0,1454635,1486663495
1486662357,219637827,7489379.0,1454635,1486663495
1486663314,219643634,4980000.0,1454635,1486663495
1486663394,219643799,980000.0,1454635,1486663495
1486662009,219635141,401980000.0,1454635,1486663495
1486662024,219635177,10000.0,1454635,1486663495
1486663024,219636976,5980000.0,1454635,1486663495
1486663149,219641296,47122755.0,1454635,1486663495
1486662799,219638579,3390483.0,1454635,1486663495
1486662320,219635735,53033922.0,1454635,1486663495
1486662565,219636152,10100.0,1454635,1486663495
1486662373,219634002,8821972.0,1454635,1486663495
1486662021,219635174,190000.0,1454635,1486663495
1486662927,219634908,110057635.0,1454635,1486663495
1486663287,219643600,186527416.0,1454635,1486663495
1486662072,219637289,1201154308.0,1454635,1486663495
1486663246,219643522,443507064.0,1454635,1486663495
1486662259,219633764,19426688.0,1454635,1486663495
1486663380,219643774,223986539.0,1454635,1486663495
1486663485,219639994,13662632.0,1454635,1486663495
1486662092,219635312,342039070.0,1454635,1486663495
1486662344,219637796,331427800.0,1454635,1486663495
1486662622,219638291,425832100.0,1454635,1486663495
1486662743,219636449,9962600.0,1454635,1486663495
1486662665,219634461,106598300.0,1454635,1486663495
1486662807,219636571,1096402.0,1454635,1486663495
1486663475,219641877,44041731.0,1454635,1486663495
1486662659,219638364,15246698.0,1454635,1486663495
1486662618,219636229,14981664.0,1454635,1486663495
1486662372,219635830,319213539.0,1454635,1486663495
1486662140,219633577,140842372.0,1454635,1486663495
1486662252,219633752,294981974.0,1454635,1486663495
1486662432,219634099,633737591.0,1454635,1486663495
1486662140,219633575,5748032.0,1454635,1486663495
1486662947,219636842,1477097.0,1454635,1486663495
1486661990,219633248,1977099.0,1454635,1486663495
1486662189,219633652,8512100.0,1454635,1486663495
1486662362,219637835,7977100.0,1454635,1486663495
1486663119,219643282,8918526.0,1454635,1486663495
1486662330,219633902,9917100.0,1454635,1486663495
1486662304,219637726,6033578.0,1454635,1486663495
1486663296,219643614,35602375.0,1454635,1486663495
1486662422,219634087,6482241.0,1454635,1486663495
1486661976,219633030,12666803.0,1454635,1486663495
1486662062,219637270,26529891.0,1454635,1486663495
1486663176,219641346,113728609.0,1454635,1486663495
1486663445,219643885,100329941.0,1454635,1486663495
1486662665,219634462,9311537.0,1454635,1486663495
1486663205,219639512,1727705882.0,1454635,1486663495
1486663205,219641393,29950000.0,1454635,1486663495
1486663205,219641391,9950000.0,1454635,1486663495
1486662350,219637804,575683.0,1454635,1486663495
1486662391,219634036,6742891612.0,1454635,1486663495
1486662135,219637415,346977190.0,1454635,1486663495
1486662063,219635262,30130544.0,1454635,1486663495
1486662066,219633414,3767280.0,1454635,1486663495
1486662610,219638263,1021308054.0,1454635,1486663495
1486662432,219634097,391361265.0,1454635,1486663495
1486662252,219637629,22529514.0,1454635,1486663495
1486663327,219643669,90716.0,1454635,1486663495
1486662330,219635754,1284196.0,1454635,1486663495
1486662056,219635254,983410.0,1454635,1486663495
1486662753,219634612,3230437.0,1454635,1486663495
1486663159,219641315,5677099.0,1454635,1486663495
1486662315,219635724,1165800.0,1454635,1486663495
1486662104,219637363,3333237850.0,1454635,1486663495
1486662884,219636713,36913792.0,1454635,1486663495
1486662089,219637327,855054674.0,1454635,1486663495
1486663318,219643646,6601154.0,1454635,1486663495
1486662525,219636093,4869724.0,1454635,1486663495
1486662359,219635812,330805050.0,1454635,1486663495
1486662371,219637852,328422200.0,1454635,1486663495
1486662570,219636158,326299400.0,1454635,1486663495
1486662958,219634967,122001650.0,1454635,1486663495
1486663446,219639930,200792718.0,1454635,1486663495
1486663308,219639699,78757040.0,1454635,1486663495
1486662807,219638604,3036520.0,1454635,1486663495
1486662397,219634045,45745525.0,1454635,1486663495
1486662448,219635952,50498260.0,1454635,1486663495
1486662278,219635651,40760260.0,1454635,1486663495
1486662628,219638301,72172797.0,1454635,1486663495
1486662567,219634313,51819721.0,1454635,1486663495
1486662369,219637845,6891100.0,1454635,1486663495
1486662239,219633729,7514700.0,1454635,1486663495
1486663202,219641388,35980700.0,1454635,1486663495
1486662375,219635838,24475011.0,1454635,1486663495
1486663068,219639082,1127200.0,1454635,1486663495
1486662101,219633494,20466951.0,1454635,1486663495
1486662166,219637473,19944117.0,1454635,1486663495
1486662413,219634073,15421283.0,1454635,1486663495
1486662670,219634477,10898550.0,1454635,1486663495
1486662767,219638536,10375716.0,1454635,1486663495
1486663032,219639203,5852882.0,1454635,1486663495
1486663128,219643296,5270537.0,1454635,1486663495
1486662519,219638116,15914903.0,1454635,1486663495
1486662723,219638462,2303915619.0,1454635,1486663495
1486663186,219643420,26544345.0,1454635,1486663495
1486662366,219635818,188810712.0,1454635,1486663495
1486662670,219638381,74915278.0,1454635,1486663495
1486662525,219634242,182321.0,1454635,1486663495
1486662044,219635230,1532778745.0,1454635,1486663495
1486663194,219641375,13661802.0,1454635,1486663495
1486663057,219639253,13868673775.0,1454635,1486663495
1486663088,219639121,184576536.0,1454635,1486663495
1486662027,219637199,114568074.0,1454635,1486663495
1486662845,219634777,339708192.0,1454635,1486663495
1486663387,219639824,1813715742.0,1454635,1486663495
1486662853,219638679,954888627.0,1454635,1486663495
1486662998,219635049,4525773.0,1454635,1486663495
1486663117,219641238,60957072.0,1454635,1486663495
1486662294,219635683,9754228.0,1454635,1486663495
1486663053,219639039,30939389.0,1454635,1486663495
1486662010,219637159,327109622.0,1454635,1486663495
1486662019,219635169,2426000.0,1454635,1486663495
1486662748,219638510,8642283.0,1454635,1486663495
1486662125,219637399,151276532.0,1454635,1486663495
1486662629,219638304,89210116.0,1454635,1486663495
1486662245,219637618,4351683248.0,1454635,1486663495
1486663325,219639735,20056242.0,1454635,1486663495
1486662725,219638463,512788480.0,1454635,1486663495
1486662480,219638038,57520565.0,1454635,1486663495
1486662209,219635544,202578917.0,1454635,1486663495
1486662148,219635436,194403617.0,1454635,1486663495
1486662448,219635951,7160600.0,1454635,1486663495
1486662971,219635011,115712569.0,1454635,1486663495
1486662986,219636912,115261800.0,1454635,1486663495
1486663274,219641536,114069050.0,1454635,1486663495
1486663296,219643613,102392500.0,1454635,1486663495
1486663303,219643623,92309750.0,1454635,1486663495
1486662968,219634999,130398721.0,1454635,1486663495
1486662608,219634386,73044339.0,1454635,1486663495
1486663467,219643928,44167596.0,1454635,1486663495
1486663028,219638987,72470817.0,1454635,1486663495
1486662567,219634316,54333862.0,1454635,1486663495
1486662460,219637999,51442260.0,1454635,1486663495
1486662961,219638862,11918900.0,1454635,1486663495
1486663138,219643321,77320760.0,1454635,1486663495
1486662174,219633633,29155896.0,1454635,1486663495
1486662003,219633266,26629276.0,1454635,1486663495
1486662003,219635124,4977376.0,1454635,1486663495
1486663213,219641412,159450896.0,1454635,1486663495
1486662318,219633871,5491790.0,1454635,1486663495
1486662810,219636579,23562229.0,1454635,1486663495
1486662486,219638051,664406447.0,1454635,1486663495
1486662736,219636433,52569872.0,1454635,1486663495
1486662910,219634882,233012852.0,1454635,1486663495
1486662385,219637871,5947169.0,1454635,1486663495
1486663453,219641836,7930770438.0,1454635,1486663495
1486663171,219639456,109799790.0,1454635,1486663495
1486662961,219636872,47058996.0,1454635,1486663495
1486663457,219639952,4094861281.0,1454635,1486663495
1486663264,219639631,29977400.0,1454635,1486663495
1486662818,219636590,172577400.0,1454635,1486663495
1486662827,219636604,41832068.0,1454635,1486663495
1486662437,219634107,27294136.0,1454635,1486663495
1486662128,219637403,209382516.0,1454635,1486663495
1486662195,219633659,4726800.0,1454635,1486663495
1486662863,219636681,17967400.0,1454635,1486663495
1486662131,219633550,120322400.0,1454635,1486663495
1486663238,219643508,8771300.0,1454635,1486663495
1486663441,219639917,384705360.0,1454635,1486663495
1486662703,219638428,16324370.0,1454635,1486663495
1486663321,219641602,291086104.0,1454635,1486663495
1486662970,219638881,205359916.0,1454635,1486663495
1486663363,219641670,28226800.0,1454635,1486663495
1486663412,219643836,9302800.0,1454635,1486663495
1486662624,219636246,1585975328.0,1454635,1486663495
1486662813,219638615,1556949528.0,1454635,1486663495
1486662559,219636139,88218901.0,1454635,1486663495
1486662179,219637494,55979767.0,1454635,1486663495
1486662789,219638560,36064373.0,1454635,1486663495
1486662686,219634505,43401594.0,1454635,1486663495
1486661996,219633257,18490745.0,1454635,1486663495
1486663180,219643407,61018857.0,1454635,1486663495
1486662308,219637734,133534828.0,1454635,1486663495
1486662308,219635711,7890531.0,1454635,1486663495
1486663116,219643280,2400500.0,1454635,1486663495
1486662093,219635313,3600302.0,1454635,1486663495
1486662460,219635966,9625246.0,1454635,1486663495
1486663172,219639463,27713213.0,1454635,1486663495
1486662951,219634953,29473213.0,1454635,1486663495
1486662027,219633318,34895809.0,1454635,1486663495
1486663374,219643767,5977376.0,1454635,1486663495
1486662505,219636062,1695870.0,1454635,1486663495
1486663434,219643870,1326480.0,1454635,1486663495
1486663248,219641481,534788858.0,1454635,1486663495
1486663309,219641587,7422773.0,1454635,1486663495
1486663227,219641446,99777190.0,1454635,1486663495
1486662647,219636285,41163172.0,1454635,1486663495
1486662394,219634041,11318000.0,1454635,1486663495
1486662887,219634832,149927500.0,1454635,1486663495
1486663064,219637042,50471394.0,1454635,1486663495
1486662836,219634769,26730342.0,1454635,1486663495
1486663141,219641281,67437260.0,1454635,1486663495
1486662554,219636134,1528258125.0,1454635,1486663495
1486663306,219641580,1519088914.0,1454635,1486663495
1486662348,219635789,464688615.0,1454635,1486663495
1486662435,219637961,4977600.0,1454635,1486663495
1486662805,219636562,2017058.0,1454635,1486663495
1486662624,219638294,25496906.0,1454635,1486663495
1486663277,219641542,13471106.0,1454635,1486663495
1486662590,219636183,1087892.0,1454635,1486663495
1486662891,219634842,13509210.0,1454635,1486663495
1486662756,219634613,417870531.0,1454635,1486663495
1486662244,219635596,146627567.0,1454635,1486663495
1486662385,219637870,35017400.0,1454635,1486663495
1486663324,219641609,2692900.0,1454635,1486663495
1486663399,219643811,2551100.0,1454635,1486663495
1486663381,219639821,291161975.0,1454635,1486663495
1486662727,219638468,16848373.0,1454635,1486663495
1486663449,219643893,79972407.0,1454635,1486663495
1486662781,219638551,6745434.0,1454635,1486663495
1486662642,219634429,3623161413.0,1454635,1486663495
1486662637,219634416,12311595.0,1454635,1486663495
1486662515,219636078,64548840.0,1454635,1486663495
1486662921,219636777,14299152.0,1454635,1486663495
1486662508,219636067,36191973.0,1454635,1486663495
1486661982,219633236,43932880.0,1454635,1486663495
1486662009,219637156,665230629.0,1454635,1486663495
1486663177,219639473,52063317.0,1454635,1486663495
1486663495,219640099,5554681.0,1454635,1486663495
1486663108,219639349,28503213.0,1454635,1486663495
1486663407,219643822,7686317.0,1454635,1486663495
1486662945,219634942,22703213.0,1454635,1486663495
1486662301,219633837,8221376.0,1454635,1486663495
1486661986,219630977,13433213.0,1454635,1486663495
1486662270,219635635,39931229.0,1454635,1486663495
1486661990,219633247,145152060.0,1454635,1486663495
1486662633,219638319,27892045.0,1454635,1486663495
1486662912,219634885,20913213.0,1454635,1486663495
1486662956,219638852,30392853.0,1454635,1486663495
1486662293,219633824,5140521.0,1454635,1486663495
1486662186,219635494,25933213.0,1454635,1486663495
1486663009,219635079,17988523.0,1454635,1486663495
1486663347,219643703,87280352.0,1454635,1486663495
1486663210,219639523,11437862.0,1454635,1486663495
1486663263,219643552,22063213.0,1454635,1486663495
1486662153,219637446,59079063.0,1454635,1486663495
1486662177,219633638,22089927.0,1454635,1486663495
1486663225,219641443,191311636.0,1454635,1486663495
1486662285,219637690,74871868.0,1454635,1486663495
1486663435,219639909,13444927.0,1454635,1486663495
1486662847,219634781,34800700.0,1454635,1486663495
1486662620,219634405,10787873.0,1454635,1486663495
1486662223,219633697,7850314.0,1454635,1486663495
1486662056,219635255,17246654.0,1454635,1486663495
1486662909,219638777,57202958.0,1454635,1486663495
1486663018,219636967,32338213.0,1454635,1486663495
1486662755,219636468,34183213.0,1454635,1486663495
1486662895,219636729,11967016.0,1454635,1486663495
1486662153,219635445,14259955.0,1454635,1486663495
1486661984,219635087,21807776.0,1454635,1486663495
1486663251,219639607,38393213.0,1454635,1486663495
1486662761,219638526,35303213.0,1454635,1486663495
1486663357,219639790,13029133.0,1454635,1486663495
1486662082,219635287,128977927.0,1454635,1486663495
1486662806,219638602,15715870.0,1454635,1486663495
1486662822,219634737,19774746.0,1454635,1486663495
1486663127,219639381,23792387.0,1454635,1486663495
1486662689,219634513,27050429.0,1454635,1486663495
1486663256,219643541,22148034.0,1454635,1486663495
1486663056,219639251,12909980.0,1454635,1486663495
1486662831,219638645,13943874.0,1454635,1486663495
1486663096,219639146,27443213.0,1454635,1486663495
1486663095,219639325,52324932.0,1454635,1486663495
1486662931,219636802,20863213.0,1454635,1486663495
1486662266,219635627,29378030.0,1454635,1486663495
1486662407,219637907,7186844.0,1454635,1486663495
1486663227,219643484,26133213.0,1454635,1486663495
1486662897,219634856,17895734.0,1454635,1486663495
1486662224,219637579,28413213.0,1454635,1486663495
1486663213,219641411,31436731.0,1454635,1486663495
1486662957,219638854,6096121.0,1454635,1486663495
1486663376,219639812,34300034.0,1454635,1486663495
1486663131,219643309,20959716.0,1454635,1486663495
1486662108,219633507,29013213.0,1454635,1486663495
1486663168,219639451,12683213.0,1454635,1486663495
1486662297,219633832,22091623.0,1454635,1486663495
1486662296,219635689,23706927.0,1454635,1486663495
1486662321,219635738,3788406.0,1454635,1486663495
1486663017,219638975,32460261.0,1454635,1486663495
1486662602,219634379,3847072.0,1454635,1486663495
1486663421,219641777,38342124.0,1454635,1486663495
1486662866,219634799,34114445.0,1454635,1486663495
1486662391,219634037,40119629.0,1454635,1486663495
1486662875,219634809,6377849.0,1454635,1486663495
1486663151,219639424,49922930.0,1454635,1486663495
1486662388,219637879,27810032.0,1454635,1486663495
1486662417,219635899,7316200.0,1454635,1486663495
1486662432,219635926,22918567.0,1454635,1486663495
1486662349,219635791,13480688.0,1454635,1486663495
1486662063,219633402,62420300.0,1454635,1486663495
1486663416,219643843,324394645.0,1454635,1486663495
1486662491,219636029,2920873222.0,1454635,1486663495
1486662740,219636442,26139932.0,1454635,1486663495
1486662356,219633968,1317185.0,1454635,1486663495
1486662845,219634778,2094701.0,1454635,1486663495
1486662223,219637577,4380723033.0,1454635,1486663495
1486662922,219638798,27643700.0,1454635,1486663495
1486662835,219636628,118558650.0,1454635,1486663495
1486662864,219638704,27763700.0,1454635,1486663495
1486663299,219641577,35747113.0,1454635,1486663495
1486662029,219633320,2360000.0,1454635,1486663495
1486662111,219637370,8055395.0,1454635,1486663495
1486662111,219637371,5072931.0,1454635,1486663495
1486662668,219634468,242708.0,1454635,1486663495
1486662656,219634449,1401272.0,1454635,1486663495
1486662103,219635350,37453700.0,1454635,1486663495
1486663145,219641285,60576910.0,1454635,1486663495
1486663453,219639945,52501985.0,1454635,1486663495
1486663104,219639345,2.64689863912e+11,1454635,1486663495
1486662108,219637368,92377886.0,1454635,1486663495
1486663332,219639751,41000013.0,1454635,1486663495
1486662220,219633691,23396047.0,1454635,1486663495
1486662157,219635449,5954838.0,1454635,1486663495
1486662157,219635451,26469118.0,1454635,1486663495
1486662432,219637956,6665945.0,1454635,1486663495
1486663453,219639942,25712663.0,1454635,1486663495
1486663495,219640100,477296761.0,1454635,1486663495
1486662230,219637592,9128700.0,1454635,1486663495
1486663109,219639178,1092121.0,1454635,1486663495
1486663420,219641776,144879614.0,1454635,1486663495
1486663070,219639085,2720614.0,1454635,1486663495
1486662404,219635883,399260646.0,1454635,1486663495
1486662708,219638437,40277910.0,1454635,1486663495
1486662207,219633673,14657354.0,1454635,1486663495
1486663214,219639529,21030837890.0,1454635,1486663495
1486661993,219635103,12200.0,1454635,1486663495
1486662039,219637231,12268.0,1454635,1486663495
1486662978,219636903,66300242.0,1454635,1486663495
1486662042,219637238,241786862.0,1454635,1486663495
1486662122,219635379,29642951.0,1454635,1486663495
1486661984,219633240,248670226.0,1454635,1486663495
1486662368,219633986,93893300.0,1454635,1486663495
1486662556,219636137,227604541.0,1454635,1486663495
1486662130,219633546,331841565.0,1454635,1486663495
1486662611,219634394,560474121.0,1454635,1486663495
1486662095,219633477,1014419.0,1454635,1486663495
1486662249,219633744,592104777.0,1454635,1486663495
1486662226,219633704,860009696.0,1454635,1486663495
1486662487,219638056,863227274.0,1454635,1486663495
1486662950,219636851,66000008.0,1454635,1486663495
1486662299,219637719,18165966.0,1454635,1486663495
1486662372,219634000,389616157.0,1454635,1486663495
1486663331,219641621,486979736.0,1454635,1486663495
1486663388,219639826,2313952878.0,1454635,1486663495
1486662235,219633721,5981311.0,1454635,1486663495
1486662848,219636654,364018255.0,1454635,1486663495
1486662748,219636460,1091124918.0,1454635,1486663495
1486663372,219643759,753639255.0,1454635,1486663495
1486663467,219641858,432463518.0,1454635,1486663495
1486662967,219638875,722701010.0,1454635,1486663495
1486662389,219637883,353959707.0,1454635,1486663495
1486663089,219637078,493421880.0,1454635,1486663495
1486662515,219638112,11089628.0,1454635,1486663495
1486662984,219638909,264226376.0,1454635,1486663495
1486663454,219639947,65850091.0,1454635,1486663495
1486663106,219637112,148544527.0,1454635,1486663495
1486662569,219634321,4070000.0,1454635,1486663495
1486663403,219641738,660813.0,1454635,1486663495
1486662142,219637426,6402301.0,1454635,1486663495
1486662010,219637160,12255063.0,1454635,1486663495
1486663248,219641482,2537000.0,1454635,1486663495
1486662754,219638518,160116523.0,1454635,1486663495
1486663039,219639007,9979525.0,1454635,1486663495
1486663495,219640101,5625035.0,1454635,1486663495
1486662532,219638125,3892699.0,1454635,1486663495
1486663335,219641629,1726810.0,1454635,1486663495
1486662368,219635821,278596487.0,1454635,1486663495
1486662596,219634371,5622246.0,1454635,1486663495
1486662507,219638100,3595387.0,1454635,1486663495
1486662799,219634696,2663616.0,1454635,1486663495
1486662349,219637803,23869400.0,1454635,1486663495
1486662780,219634657,2031800.0,1454635,1486663495
1486662795,219636544,1396567.0,1454635,1486663495
1486662006,219637148,18755240.0,1454635,1486663495
1486662288,219637694,3481129.0,1454635,1486663495
1486662477,219638030,1185425.0,1454635,1486663495
1486662511,219634219,3062192.0,1454635,1486663495
1486663187,219643421,10484623.0,1454635,1486663495
1486663087,219639311,100892633.0,1454635,1486663495
1486663235,219641466,684732.0,1454635,1486663495
1486662260,219637644,129746935.0,1454635,1486663495
1486662266,219633773,78361747.0,1454635,1486663495
1486662273,219633788,5094894.0,1454635,1486663495
1486662188,219637514,845944055.0,1454635,1486663495
1486662747,219638508,9403499.0,1454635,1486663495
1486662617,219636227,2065851.0,1454635,1486663495
1486662546,219634278,2641974.0,1454635,1486663495
1486663403,219643815,280659200.0,1454635,1486663495
1486663495,219640102,25889320.0,1454635,1486663495
1486662520,219636084,5254913.0,1454635,1486663495
1486662720,219636403,2939144.0,1454635,1486663495
1486662710,219636388,13960974.0,1454635,1486663495
1486663383,219641702,4187100.0,1454635,1486663495
1486663302,219643621,6632949.0,1454635,1486663495
1486663253,219641492,89600676.0,1454635,1486663495
1486662530,219636095,80013483.0,1454635,1486663495
1486662726,219636417,6538227.0,1454635,1486663495
1486662717,219636400,985038.0,1454635,1486663495
1486662536,219634263,54966851.0,1454635,1486663495
1486661996,219637134,20977671.0,1454635,1486663495
1486662498,219638079,1115701.0,1454635,1486663495
1486663418,219641771,440405898.0,1454635,1486663495
1486662124,219635382,839534534.0,1454635,1486663495
1486662441,219634111,578548.0,1454635,1486663495
1486662145,219637432,519862.0,1454635,1486663495
1486662767,219636491,1279931.0,1454635,1486663495
1486662219,219633690,23453637.0,1454635,1486663495
1486662946,219634943,5000.0,1454635,1486663495
1486663168,219643390,9304639.0,1454635,1486663495
1486663011,219638964,26875033.0,1454635,1486663495
1486663440,219641806,290535599.0,1454635,1486663495
1486662211,219637554,2216800.0,1454635,1486663495
1486662674,219634481,361600000.0,1454635,1486663495
1486662040,219633352,13979931.0,1454635,1486663495
1486662443,219634116,7479931.0,1454635,1486663495
1486662037,219633336,99979931.0,1454635,1486663495
1486662455,219635960,6679525.0,1454635,1486663495
1486662026,219637191,99979931.0,1454635,1486663495
1486663423,219641783,13988052.0,1454635,1486663495
1486663434,219643865,15006318.0,1454635,1486663495
1486662453,219634133,1499931.0,1454635,1486663495
1486663392,219639833,18810531.0,1454635,1486663495
1486662549,219634285,589931.0,1454635,1486663495
1486662569,219638189,562310792.0,1454635,1486663495
1486662343,219635780,2051892.0,1454635,1486663495
1486662541,219636110,52033195.0,1454635,1486663495
1486662640,219634420,2116043.0,1454635,1486663495
1486662594,219636190,55887851.0,1454635,1486663495
1486662741,219638495,985038.0,1454635,1486663495
1486662524,219634237,279806851.0,1454635,1486663495
1486662606,219636209,491851.0,1454635,1486663495
1486663306,219641581,19973000.0,1454635,1486663495
1486663315,219639710,28458500.0,1454635,1486663495
1486663083,219639304,17098482.0,1454635,1486663495
1486663086,219639310,481350000.0,1454635,1486663495
1486662291,219637704,33715930.0,1454635,1486663495
1486662029,219635186,1021584.0,1454635,1486663495
1486662230,219637594,1534927000.0,1454635,1486663495
1486662231,219635577,99950000.0,1454635,1486663495
1486662579,219638207,5060000.0,1454635,1486663495
1486662182,219633643,2931496.0,1454635,1486663495
1486663083,219637071,4598741.0,1454635,1486663495
1486662782,219636517,8141183.0,1454635,1486663495
1486662597,219636194,320352570.0,1454635,1486663495
1486662091,219635308,449271478.0,1454635,1486663495
1486663089,219639316,446551478.0,1454635,1486663495
1486663311,219641590,437374478.0,1454635,1486663495
1486663463,219643920,337354478.0,1454635,1486663495
1486663483,219639990,10308000.0,1454635,1486663495
1486662228,219637588,7753851.0,1454635,1486663495
1486662126,219637401,14529834.0,1454635,1486663495
1486662527,219634246,4401907.0,1454635,1486663495
1486663334,219643685,52486524.0,1454635,1486663495
1486663426,219641785,14979931.0,1454635,1486663495
1486663448,219641821,135364.0,1454635,1486663495
1486663383,219643775,17324718.0,1454635,1486663495
1486662413,219637923,607071.0,1454635,1486663495
1486662573,219638195,1279862.0,1454635,1486663495
1486663420,219639883,19979931.0,1454635,1486663495
1486662406,219635886,2959931.0,1454635,1486663495
1486662781,219634659,6276792.0,1454635,1486663495
1486662455,219634143,4961792.0,1454635,1486663495
1486663223,219641441,54970141.0,1454635,1486663495
1486662655,219634445,3742376.0,1454635,1486663495
1486663409,219643833,7483668.0,1454635,1486663495
1486662718,219638453,51140035.0,1454635,1486663495
1486662321,219635737,499329.0,1454635,1486663495
1486662120,219635374,250911233.0,1454635,1486663495
1486663398,219643810,335683680.0,1454635,1486663495
1486662870,219634803,45443830.0,1454635,1486663495
