1486659787,219625049,1420922241.0,1456708,1486659787
1486659533,219620440,801000664.0,1456708,1486659787
1486659611,219618524,440001065.0,1456708,1486659787
1486637088,219499079,200400000.0,1456708,1486659787
1486657610,219608884,239575810.0,1456708,1486659787
1486648074,219553773,5404774.0,1456708,1486659787
1486595354,219324257,27177968.0,1456708,1486659787
1486659676,219618694,630150640.0,1456708,1486659787
1486649941,219563259,999990000.0,1456708,1486659787
1486642810,219525752,4382558.0,1456708,1486659787
1486659787,219625050,14135159.0,1456708,1486659787
1486655294,219598293,134978353.0,1456708,1486659787
1486656097,219599821,33263000.0,1456708,1486659787
1486659435,219618117,109954461.0,1456708,1486659787
1486646163,219542176,39385767.0,1456708,1486659787
1486658273,219612001,47708877.0,1456708,1486659787
1486656475,219604637,32969570.0,1456708,1486659787
1486657844,219611218,617960000.0,1456708,1486659787
1486653902,219585565,965500.0,1456708,1486659787
1486657767,219609173,1956400.0,1456708,1486659787
1486658008,219611478,1200020000.0,1456708,1486659787
1486658073,219611594,154949669.0,1456708,1486659787
1486657562,219612613,26449475.0,1456708,1486659787
1486657507,219610599,2790400.0,1456708,1486659787
1486654718,219593114,1728795310.0,1456708,1486659787
1486657617,219612741,501213355.0,1456708,1486659787
1486659223,219615929,1.00013047837e+11,1456708,1486659787
1486658862,219619137,740368542.0,1456708,1486659787
1486657642,219612777,10066554.0,1456708,1486659787
1486658234,219610115,1207268.0,1456708,1486659787
1486658144,219613743,115548172.0,1456708,1486659787
1486659578,219620850,1365559300.0,1456708,1486659787
1486658103,219611663,3996428.0,1456708,1486659787
1486659485,219616549,1375796250.0,1456708,1486659787
1486658284,219614023,799837850.0,1456708,1486659787
1486658364,219610368,839011015.0,1456708,1486659787
1486657744,219609132,553296976.0,1456708,1486659787
1486658520,219614719,499796195.0,1456708,1486659787
1486658271,219614001,468166394.0,1456708,1486659787
1486658457,219614319,483279099.0,1456708,1486659787
1486658645,219616727,107271779.0,1456708,1486659787
1486658646,219614934,103074266.0,1456708,1486659787
1486658771,219616965,100660019.0,1456708,1486659787
1486659141,219615784,82961514.0,1456708,1486659787
1486659143,219615788,78734631.0,1456708,1486659787
1486659513,219620403,69058926.0,1456708,1486659787
1486658209,219610064,2894960.0,1456708,1486659787
1486658145,219613748,387440742.0,1456708,1486659787
1486659659,219621054,444067502.0,1456708,1486659787
1486658084,219609768,1207263.0,1456708,1486659787
1486659617,219620973,2106792096.0,1456708,1486659787
1486659633,219621015,1677231181.0,1456708,1486659787
1486659364,219616282,1372759927.0,1456708,1486659787
1486658585,219614543,1095748014.0,1456708,1486659787
1486658405,219612243,896680118.0,1456708,1486659787
1486658645,219616729,1326481999.0,1456708,1486659787
1486658944,219619271,1343196095.0,1456708,1486659787
1486658223,219610096,788136722.0,1456708,1486659787
1486657924,219611349,673012656.0,1456708,1486659787
1486657685,219609025,173332997.0,1456708,1486659787
1486657809,219613084,40475455.0,1456708,1486659787
1486657986,219613417,712035688.0,1456708,1486659787
1486658045,219611543,769422227.0,1456708,1486659787
1486659244,219619801,1361806616.0,1456708,1486659787
1486658464,219614333,906505776.0,1456708,1486659787
1486658525,219614442,1043734407.0,1456708,1486659787
1486657869,219609355,603797799.0,1456708,1486659787
1486657569,219610724,424075765.0,1456708,1486659787
1486657762,219613012,6049740.0,1456708,1486659787
1486657830,219611194,13645584.0,1456708,1486659787
1486657931,219611362,813823.0,1456708,1486659787
1486659536,219620755,14969240.0,1456708,1486659787
1486658104,219613625,139127228.0,1456708,1486659787
1486657749,219611047,596563561.0,1456708,1486659787
1486657704,219612908,52191819.0,1456708,1486659787
1486659564,219620493,2048626.0,1456708,1486659787
1486658055,219609705,7660000.0,1456708,1486659787
1486658515,219614413,49466909.0,1456708,1486659787
1486659078,219617439,7400000.0,1456708,1486659787
1486659500,219616589,8773422.0,1456708,1486659787
1486658480,219612391,149880000.0,1456708,1486659787
1486658973,219617263,189170300.0,1456708,1486659787
1486659138,219615779,42137072.0,1456708,1486659787
1486658173,219609979,1175500.0,1456708,1486659787
1486658307,219612061,2317821.0,1456708,1486659787
1486657937,219609484,2948842.0,1456708,1486659787
1486657601,219610790,4407566.0,1456708,1486659787
1486658552,219614478,1799355.0,1456708,1486659787
1486659368,219617985,118124900.0,1456708,1486659787
1486658277,219612007,1453884.0,1456708,1486659787
1486657842,219613141,4790462.0,1456708,1486659787
1486659696,219622843,69009954.0,1456708,1486659787
1486657870,219611261,614305090.0,1456708,1486659787
1486658321,219612092,9890000.0,1456708,1486659787
1486658532,219614751,344265382.0,1456708,1486659787
1486659059,219617398,273277152.0,1456708,1486659787
1486658113,219613660,11160000.0,1456708,1486659787
1486657800,219611138,6333581.0,1456708,1486659787
1486657948,219611394,929890000.0,1456708,1486659787
1486657566,219608801,359294794.0,1456708,1486659787
1486659177,219619665,399360000.0,1456708,1486659787
1486659552,219618367,3637438.0,1456708,1486659787
1486657953,219611405,1895987.0,1456708,1486659787
1486658133,219611747,7900000.0,1456708,1486659787
1486658019,219611488,38824547.0,1456708,1486659787
1486659150,219619612,9430120000.0,1456708,1486659787
1486657954,219611406,9900000.0,1456708,1486659787
1486659006,219615543,4281639187.0,1456708,1486659787
1486658333,219612120,45626924.0,1456708,1486659787
1486658252,219613958,19593673.0,1456708,1486659787
1486659042,219619443,46056310.0,1456708,1486659787
1486658819,219619065,81219735.0,1456708,1486659787
1486658533,219614753,2427439766.0,1456708,1486659787
1486658568,219614813,65778918.0,1456708,1486659787
1486659152,219615802,335109257.0,1456708,1486659787
1486659317,219617884,999900000.0,1456708,1486659787
1486658897,219615353,3788688124.0,1456708,1486659787
1486659287,219619909,4483324.0,1456708,1486659787
1486657934,219613307,59840000.0,1456708,1486659787
1486659073,219615671,300370000.0,1456708,1486659787
1486657878,219611282,4301210000.0,1456708,1486659787
1486658956,219619298,89301700.0,1456708,1486659787
1486658990,219617288,198816682.0,1456708,1486659787
1486659263,219617756,325063.0,1456708,1486659787
1486658200,219610045,23666518.0,1456708,1486659787
1486657793,219609210,5278310.0,1456708,1486659787
1486658899,219619188,5125745025.0,1456708,1486659787
1486659535,219620446,6343123.0,1456708,1486659787
1486657681,219612847,2848588.0,1456708,1486659787
1486658082,219611610,249894401.0,1456708,1486659787
1486657598,219608862,239421010.0,1456708,1486659787
1486658107,219611670,239163280.0,1456708,1486659787
1486659684,219624861,235318787.0,1456708,1486659787
1486658822,219619069,26212399307.0,1456708,1486659787
1486657697,219609041,1249292.0,1456708,1486659787
1486658132,219613718,170068512.0,1456708,1486659787
1486659307,219619966,76280708.0,1456708,1486659787
1486658357,219612172,38775215.0,1456708,1486659787
1486658271,219611998,34186667.0,1456708,1486659787
1486658809,219619052,52516901.0,1456708,1486659787
1486659184,219615849,19855521.0,1456708,1486659787
1486659378,219616312,499924388.0,1456708,1486659787
1486658430,219612305,85352536.0,1456708,1486659787
1486657817,219613110,350362149.0,1456708,1486659787
1486657879,219611286,69780009.0,1456708,1486659787
1486659513,219616617,9999924402.0,1456708,1486659787
1486657974,219609540,9274368.0,1456708,1486659787
1486658079,219609755,2480053.0,1456708,1486659787
1486658143,219609914,46961519.0,1456708,1486659787
1486657776,219609180,284359678.0,1456708,1486659787
1486659595,219618465,7499848804.0,1456708,1486659787
1486658019,219611489,9376825.0,1456708,1486659787
1486657737,219611027,8843750.0,1456708,1486659787
1486657804,219609227,1292972.0,1456708,1486659787
1486659077,219617438,730993.0,1456708,1486659787
1486659261,219619847,1549810.0,1456708,1486659787
1486658578,219614830,1230713.0,1456708,1486659787
1486658711,219616845,2511529.0,1456708,1486659787
1486657670,219608993,1695189.0,1456708,1486659787
1486657968,219611420,570042200.0,1456708,1486659787
1486657710,219610979,88920000.0,1456708,1486659787
1486657701,219609051,81920000.0,1456708,1486659787
1486657698,219610959,80920000.0,1456708,1486659787
1486658790,219619016,4057511.0,1456708,1486659787
1486657803,219611145,5106610000.0,1456708,1486659787
1486658157,219613774,1537984.0,1456708,1486659787
1486657669,219610914,3542022.0,1456708,1486659787
1486658066,219611582,3797637.0,1456708,1486659787
1486657618,219610824,13214934.0,1456708,1486659787
1486655428,219600465,1273049543.0,1456708,1486659787
1486655487,219598675,1210088505.0,1456708,1486659787
1486657813,219613101,231501778.0,1456708,1486659787
1486658374,219614171,4904617.0,1456708,1486659787
1486658405,219614215,4934034.0,1456708,1486659787
1486658744,219616906,3485389.0,1456708,1486659787
1486658388,219612219,6202625.0,1456708,1486659787
1486658334,219612126,1781398.0,1456708,1486659787
1486658444,219614295,15643966.0,1456708,1486659787
1486658185,219611873,2584531147.0,1456708,1486659787
1486658110,219611681,2006057.0,1456708,1486659787
1486659491,219618223,71000620.0,1456708,1486659787
1486659097,219617474,195005100.0,1456708,1486659787
1486659406,219616367,39096000.0,1456708,1486659787
1486659563,219620490,184264832.0,1456708,1486659787
1486658130,219613709,1899800000.0,1456708,1486659787
1486659632,219620665,11921902.0,1456708,1486659787
1486658332,219614106,1979990.0,1456708,1486659787
1486659709,219621130,27851861.0,1456708,1486659787
1486658079,219609750,823027884.0,1456708,1486659787
1486658311,219612069,32942000.0,1456708,1486659787
1486658872,219619147,49950000.0,1456708,1486659787
1486657702,219612904,261000120.0,1456708,1486659787
1486658060,219609717,99950000.0,1456708,1486659787
1486657437,219608543,10000000.0,1456708,1486659787
1486659729,219621164,501000101.0,1456708,1486659787
1486657564,219610707,39436622850.0,1456708,1486659787
1486658855,219615285,1028000.0,1456708,1486659787
1486659221,219615926,2050000.0,1456708,1486659787
1486658041,219613498,2043000.0,1456708,1486659787
1486658669,219614978,1023300.0,1456708,1486659787
1486659350,219617954,2719400.0,1456708,1486659787
1486659313,219619981,4592000.0,1456708,1486659787
1486658041,219609668,1032000.0,1456708,1486659787
1486658017,219609614,2554000.0,1456708,1486659787
1486659787,219625051,1028400.0,1456708,1486659787
1486659295,219617842,2136380.0,1456708,1486659787
1486659140,219615783,2530526.0,1456708,1486659787
1486659787,219625052,1529442.0,1456708,1486659787
1486657731,219609110,1699850000.0,1456708,1486659787
1486658621,219618703,420249.0,1456708,1486659787
1486658038,219611519,1359223.0,1456708,1486659787
1486658539,219614463,33040263.0,1456708,1486659787
1486657780,219613035,35221981.0,1456708,1486659787
1486659729,219622898,15688353.0,1456708,1486659787
1486659138,219619595,6918817.0,1456708,1486659787
1486658406,219610433,1874243.0,1456708,1486659787
1486657939,219611372,26710463.0,1456708,1486659787
1486659740,219622915,39495000.0,1456708,1486659787
1486658560,219614497,150628187.0,1456708,1486659787
1486659619,219620974,53650547.0,1456708,1486659787
1486657806,219609238,1485278000.0,1456708,1486659787
1486659301,219619951,1489255859.0,1456708,1486659787
1486657692,219612883,7914601091.0,1456708,1486659787
1486658897,219619181,157663907.0,1456708,1486659787
1486657694,219610952,7252902909.0,1456708,1486659787
1486658020,219611491,55968787.0,1456708,1486659787
1486658113,219613658,52074609.0,1456708,1486659787
1486658891,219619172,40393127.0,1456708,1486659787
1486659750,219624982,38836214.0,1456708,1486659787
1486657700,219612901,97259115.0,1456708,1486659787
1486659695,219621103,122663730.0,1456708,1486659787
1486658356,219610351,151568064.0,1456708,1486659787
1486657698,219612898,6681168302.0,1456708,1486659787
1486658528,219614744,1161141690.0,1456708,1486659787
1486659256,219616015,48391893.0,1456708,1486659787
1486657661,219608981,8241117457.0,1456708,1486659787
1486659076,219617436,88080000.0,1456708,1486659787
1486657837,219613136,96450000.0,1456708,1486659787
1486657714,219610988,17890000.0,1456708,1486659787
1486658586,219614838,874380000.0,1456708,1486659787
1486659244,219619799,111003974.0,1456708,1486659787
1486658406,219610432,296940000.0,1456708,1486659787
1486657648,219612793,180641230.0,1456708,1486659787
1486657891,219609397,29095721.0,1456708,1486659787
1486657893,219611303,11450000.0,1456708,1486659787
1486658635,219614915,65537485.0,1456708,1486659787
1486657596,219608855,92048576.0,1456708,1486659787
1486659308,219619970,2460980000.0,1456708,1486659787
1486658572,219614514,294695810.0,1456708,1486659787
1486658262,219610153,46654274.0,1456708,1486659787
1486657856,219609333,16075113.0,1456708,1486659787
1486657741,219612976,72750000.0,1456708,1486659787
1486659213,219617648,100044000.0,1456708,1486659787
1486658121,219613678,8927160000.0,1456708,1486659787
1486657650,219608960,1522640000.0,1456708,1486659787
1486658523,219614432,232366480.0,1456708,1486659787
1486658233,219613931,4072150000.0,1456708,1486659787
1486658022,219609628,797205000.0,1456708,1486659787
1486659238,219615965,1545420.0,1456708,1486659787
1486658701,219615028,482902925.0,1456708,1486659787
1486658553,219614480,363233.0,1456708,1486659787
1486658305,219612056,9833540000.0,1456708,1486659787
1486657874,219613196,2748200.0,1456708,1486659787
1486658034,219609652,24793391.0,1456708,1486659787
1486659176,219619663,796171000.0,1456708,1486659787
1486659643,219620686,7660962.0,1456708,1486659787
1486659115,219619566,206531248.0,1456708,1486659787
1486659349,219616250,267577715.0,1456708,1486659787
1486659390,219616338,8656870000.0,1456708,1486659787
1486659718,219622873,11268424.0,1456708,1486659787
1486658621,219614895,5471015.0,1456708,1486659787
1486659482,219620327,788282000.0,1456708,1486659787
1486658022,219609629,302854788.0,1456708,1486659787
1486659186,219617605,115380115.0,1456708,1486659787
1486658106,219613634,4240000.0,1456708,1486659787
1486659241,219615973,40655000.0,1456708,1486659787
1486659160,219617573,175524745.0,1456708,1486659787
1486659307,219616144,5736735.0,1456708,1486659787
1486658145,219613749,5337973.0,1456708,1486659787
1486659039,219615613,5140000.0,1456708,1486659787
1486659366,219620089,576141875.0,1456708,1486659787
1486659388,219616333,32816019.0,1456708,1486659787
1486658446,219614299,168477221.0,1456708,1486659787
1486658771,219615169,1541589.0,1456708,1486659787
1486658147,219613754,33903592.0,1456708,1486659787
1486659690,219622837,675008181.0,1456708,1486659787
1486658311,219610249,254799761.0,1456708,1486659787
1486657635,219612768,1046338.0,1456708,1486659787
1486658014,219613457,1052979.0,1456708,1486659787
1486658457,219614316,1333803.0,1456708,1486659787
1486659121,219615746,1236003.0,1456708,1486659787
1486659448,219620250,5745108.0,1456708,1486659787
1486657572,219612632,923295.0,1456708,1486659787
1486658145,219613746,9102339.0,1456708,1486659787
1486658511,219612436,103388080.0,1456708,1486659787
1486657591,219610767,337959200.0,1456708,1486659787
1486657592,219610768,336581600.0,1456708,1486659787
1486657593,219612673,336384000.0,1456708,1486659787
1486657594,219610775,336176400.0,1456708,1486659787
1486657595,219612675,335258800.0,1456708,1486659787
1486657596,219608857,334821200.0,1456708,1486659787
1486657597,219610778,334663600.0,1456708,1486659787
1486657598,219608860,334416000.0,1456708,1486659787
1486657599,219610788,333118400.0,1456708,1486659787
1486659360,219620080,1395954.0,1456708,1486659787
1486658459,219612354,1063642.0,1456708,1486659787
1486658754,219616925,199922500.0,1456708,1486659787
1486659721,219624930,1408588.0,1456708,1486659787
1486659416,219620178,9999922500.0,1456708,1486659787
1486659400,219618030,925924.0,1456708,1486659787
1486657595,219612676,1460347.0,1456708,1486659787
1486658560,219614800,162453300.0,1456708,1486659787
1486659691,219621096,8466609.0,1456708,1486659787
1486659044,219617377,4082500.0,1456708,1486659787
1486658697,219616814,4834500.0,1456708,1486659787
1486658309,219614064,4356624.0,1456708,1486659787
1486658805,219617011,564936800.0,1456708,1486659787
1486659442,219618130,2971360.0,1456708,1486659787
1486657679,219609014,16034108.0,1456708,1486659787
1486659641,219618619,259960.0,1456708,1486659787
1486658645,219616731,80000.0,1456708,1486659787
1486658314,219610265,54954121.0,1456708,1486659787
1486659787,219625053,313191.0,1456708,1486659787
1486659787,219625054,1487330.0,1456708,1486659787
1486658348,219610338,117200.0,1456708,1486659787
1486659577,219618415,38836234.0,1456708,1486659787
1486657564,219612618,77633688.0,1456708,1486659787
1486658660,219614961,36755000.0,1456708,1486659787
1486659612,219620590,99769600.0,1456708,1486659787
1486658556,219614487,36119263.0,1456708,1486659787
1486659008,219617315,103602300.0,1456708,1486659787
1486659455,219616502,80227239.0,1456708,1486659787
1486657976,219609543,4954800.0,1456708,1486659787
1486659765,219625011,106369902.0,1456708,1486659787
1486658589,219614845,27718047.0,1456708,1486659787
1486658849,219615274,6166723.0,1456708,1486659787
1486657855,219611237,2215144.0,1456708,1486659787
1486657838,219609302,212366900.0,1456708,1486659787
1486657971,219613377,3482276100.0,1456708,1486659787
1486657983,219613407,11892861.0,1456708,1486659787
1486659455,219618157,40959800.0,1456708,1486659787
1486658704,219615031,1080089.0,1456708,1486659787
1486658465,219612364,952586003.0,1456708,1486659787
1486659244,219615981,952134403.0,1456708,1486659787
1486658592,219612552,31048230.0,1456708,1486659787
1486659124,219619572,76988488.0,1456708,1486659787
1486658403,219612241,396803667.0,1456708,1486659787
1486659577,219620846,37689467.0,1456708,1486659787
1486658643,219618749,2499955000.0,1456708,1486659787
1486658044,219611540,98590178.0,1456708,1486659787
1486659063,219617406,95484978.0,1456708,1486659787
1486659423,219620203,206089203.0,1456708,1486659787
1486658556,219612512,65092365.0,1456708,1486659787
1486659612,219620946,93240415.0,1456708,1486659787
1486657925,219613287,13677032.0,1456708,1486659787
1486658234,219611950,16353534.0,1456708,1486659787
1486658763,219618965,6195902.0,1456708,1486659787
1486658824,219619072,3373324.0,1456708,1486659787
1486659783,219622988,2641004.0,1456708,1486659787
1486658254,219613960,20060200.0,1456708,1486659787
1486657689,219609034,81917402.0,1456708,1486659787
1486658466,219614338,360000.0,1456708,1486659787
1486659729,219622895,501000297.0,1456708,1486659787
1486658096,219613613,14901210.0,1456708,1486659787
1486658083,219609764,9698392.0,1456708,1486659787
1486658099,219609803,24607275.0,1456708,1486659787
1486657982,219613404,14928556.0,1456708,1486659787
1486658086,219611622,16228275.0,1456708,1486659787
1486657557,219610691,2080000.0,1456708,1486659787
1486658218,219613906,1846609.0,1456708,1486659787
1486658095,219609783,39230637.0,1456708,1486659787
1486658095,219613610,58403918.0,1456708,1486659787
1486658121,219611716,10856774.0,1456708,1486659787
1486658124,219609864,4218300.0,1456708,1486659787
1486658099,219609804,14028613.0,1456708,1486659787
1486658127,219611732,8193310.0,1456708,1486659787
1486658261,219610149,3742088.0,1456708,1486659787
1486658132,219613719,1403707.0,1456708,1486659787
1486658092,219609778,578080.0,1456708,1486659787
1486658085,219613587,2926800.0,1456708,1486659787
1486658125,219609866,4928531.0,1456708,1486659787
1486658135,219613724,1354870.0,1456708,1486659787
1486658116,219613670,4539392.0,1456708,1486659787
1486657986,219609567,31816295.0,1456708,1486659787
1486658262,219610151,2402086.0,1456708,1486659787
1486658137,219611759,26633015.0,1456708,1486659787
1486659216,219617653,2148626.0,1456708,1486659787
1486658134,219613723,9913378.0,1456708,1486659787
1486658140,219611769,15928617.0,1456708,1486659787
1486659600,219618483,36418966.0,1456708,1486659787
1486657916,219609450,44592667.0,1456708,1486659787
1486658094,219611643,13898906.0,1456708,1486659787
1486658082,219609762,9136552.0,1456708,1486659787
1486657988,219613425,17724022.0,1456708,1486659787
1486658102,219609810,14713928.0,1456708,1486659787
1486658089,219613596,6411683.0,1456708,1486659787
1486658112,219613652,7256479.0,1456708,1486659787
1486658132,219609889,8448332.0,1456708,1486659787
1486658116,219611699,13119266.0,1456708,1486659787
1486659581,219620517,34041098.0,1456708,1486659787
1486658147,219609921,12258502.0,1456708,1486659787
1486658115,219611694,19035371.0,1456708,1486659787
1486658115,219613665,5436928.0,1456708,1486659787
1486658130,219613707,6191480.0,1456708,1486659787
1486658216,219613900,30928624.0,1456708,1486659787
1486658130,219613710,2245925.0,1456708,1486659787
1486657985,219611444,14837253.0,1456708,1486659787
1486658140,219613732,19843781.0,1456708,1486659787
1486658083,219611615,19928507.0,1456708,1486659787
1486658100,219609808,25317518.0,1456708,1486659787
1486659217,219617655,12361596.0,1456708,1486659787
1486658089,219613593,15810184.0,1456708,1486659787
1486657983,219613408,10184559.0,1456708,1486659787
1486657983,219613409,5149717.0,1456708,1486659787
1486658127,219609872,9928600.0,1456708,1486659787
1486657983,219609555,11649970.0,1456708,1486659787
1486658093,219609779,1928663.0,1456708,1486659787
1486658128,219609874,45108724.0,1456708,1486659787
1486658141,219613736,10545912.0,1456708,1486659787
1486658132,219613717,17563219.0,1456708,1486659787
1486658082,219613579,1728537.0,1456708,1486659787
1486658372,219610380,6697388.0,1456708,1486659787
1486659646,219620695,1611740.0,1456708,1486659787
1486658318,219612085,400000.0,1456708,1486659787
1486658373,219612196,6364295.0,1456708,1486659787
1486659219,219619744,26177981.0,1456708,1486659787
1486658089,219609773,23909287.0,1456708,1486659787
1486658091,219609775,69028752.0,1456708,1486659787
1486658137,219611758,18828658.0,1456708,1486659787
1486658089,219613594,4928793.0,1456708,1486659787
1486658143,219611778,19277676.0,1456708,1486659787
1486659218,219619738,3860669.0,1456708,1486659787
1486658102,219613621,5928711.0,1456708,1486659787
1486658140,219613733,1228674.0,1456708,1486659787
1486657986,219611447,1283430.0,1456708,1486659787
1486657986,219611446,17844109.0,1456708,1486659787
1486658084,219611617,962879.0,1456708,1486659787
1486658126,219609868,8798918.0,1456708,1486659787
1486658101,219611658,24928579.0,1456708,1486659787
1486658087,219613591,2438396.0,1456708,1486659787
1486659219,219619746,2711423.0,1456708,1486659787
1486658097,219611650,2428426.0,1456708,1486659787
1486658113,219613659,2131155.0,1456708,1486659787
1486658125,219611728,56193631.0,1456708,1486659787
1486658132,219611745,4928533.0,1456708,1486659787
1486658114,219613662,42587326.0,1456708,1486659787
1486658134,219611752,4928558.0,1456708,1486659787
1486658121,219613677,13228710.0,1456708,1486659787
1486658086,219613588,9321262.0,1456708,1486659787
1486658131,219613716,19613739.0,1456708,1486659787
1486658217,219610086,51196537.0,1456708,1486659787
1486658090,219611636,45336474.0,1456708,1486659787
1486658132,219611743,5965711.0,1456708,1486659787
1486659304,219617859,5806141.0,1456708,1486659787
1486658123,219613685,14928538.0,1456708,1486659787
1486658124,219609862,7428535.0,1456708,1486659787
1486658612,219614881,6456559.0,1456708,1486659787
1486658117,219611700,3108576.0,1456708,1486659787
1486658134,219611751,8675437.0,1456708,1486659787
1486659548,219620463,50000.0,1456708,1486659787
1486658141,219613735,78857243.0,1456708,1486659787
1486657982,219613406,23368704.0,1456708,1486659787
1486658125,219611729,17223630.0,1456708,1486659787
1486658115,219613666,13108576.0,1456708,1486659787
1486658131,219613711,1394134.0,1456708,1486659787
1486658114,219611693,10728429.0,1456708,1486659787
1486658141,219611774,16213898.0,1456708,1486659787
1486658119,219611706,4820985.0,1456708,1486659787
1486657988,219611452,3988420.0,1456708,1486659787
1486658092,219613604,12614799.0,1456708,1486659787
1486658142,219611776,1128791.0,1456708,1486659787
1486658140,219609904,39056622.0,1456708,1486659787
1486658217,219611923,2018730.0,1456708,1486659787
1486658144,219613744,33829909.0,1456708,1486659787
1486658145,219613747,18127990.0,1456708,1486659787
1486658132,219609888,1928641.0,1456708,1486659787
1486657984,219609558,5397128.0,1456708,1486659787
1486658098,219609801,49018632.0,1456708,1486659787
1486658119,219613673,1889476.0,1456708,1486659787
1486658096,219609790,17966363.0,1456708,1486659787
1486658097,219613614,576666.0,1456708,1486659787
1486658408,219612254,50000.0,1456708,1486659787
1486658223,219611935,50000.0,1456708,1486659787
1486658096,219613612,116644818.0,1456708,1486659787
1486659216,219615915,1475259.0,1456708,1486659787
1486659581,219618428,25792047.0,1456708,1486659787
1486658095,219609784,25846954.0,1456708,1486659787
1486657861,219613168,50000.0,1456708,1486659787
1486658080,219613576,8557387.0,1456708,1486659787
1486659218,219619737,10287522.0,1456708,1486659787
1486658136,219609899,49097543.0,1456708,1486659787
1486658133,219609892,19273640.0,1456708,1486659787
1486657988,219609571,43709993.0,1456708,1486659787
1486658130,219611737,3648086.0,1456708,1486659787
1486657986,219609568,25428630.0,1456708,1486659787
1486658120,219611708,12621635.0,1456708,1486659787
1486659583,219620857,24552912.0,1456708,1486659787
1486658086,219613589,59688638.0,1456708,1486659787
1486658099,219613617,8228645.0,1456708,1486659787
1486658134,219611754,44928642.0,1456708,1486659787
1486658141,219611773,8699251.0,1456708,1486659787
1486658218,219613905,85623453.0,1456708,1486659787
1486658123,219613687,29928751.0,1456708,1486659787
1486658140,219611766,16365456.0,1456708,1486659787
1486658123,219611725,21719106.0,1456708,1486659787
1486658095,219609785,4638059.0,1456708,1486659787
1486657705,219612912,362305.0,1456708,1486659787
1486658082,219613581,25190660.0,1456708,1486659787
1486658131,219613713,28789347.0,1456708,1486659787
1486658086,219609769,5340289.0,1456708,1486659787
1486658140,219611767,29595754.0,1456708,1486659787
1486658106,219609821,10846441.0,1456708,1486659787
1486658121,219609853,6625425.0,1456708,1486659787
1486657983,219613410,8963330.0,1456708,1486659787
1486658373,219614169,44782868.0,1456708,1486659787
1486658143,219613740,1178659.0,1456708,1486659787
1486658134,219609896,22576173.0,1456708,1486659787
1486658143,219613738,20259079.0,1456708,1486659787
1486658095,219611646,67750375.0,1456708,1486659787
1486658100,219613618,791592.0,1456708,1486659787
1486658128,219611734,1082572.0,1456708,1486659787
1486658130,219613706,105370428.0,1456708,1486659787
1486658091,219613600,6973534.0,1456708,1486659787
1486658093,219613607,7913682.0,1456708,1486659787
1486658100,219609807,15554925.0,1456708,1486659787
1486658139,219613731,36799182.0,1456708,1486659787
1486658086,219611621,7032531.0,1456708,1486659787
1486658138,219609902,24714111.0,1456708,1486659787
1486657985,219609562,478288.0,1456708,1486659787
1486659216,219617654,12897068.0,1456708,1486659787
1486658084,219611619,4775202.0,1456708,1486659787
1486657988,219609570,20555181.0,1456708,1486659787
1486658111,219613650,2498153.0,1456708,1486659787
1486657986,219613416,19202627.0,1456708,1486659787
1486658100,219611654,24928642.0,1456708,1486659787
1486658083,219609765,29913846.0,1456708,1486659787
1486658120,219613676,2893724.0,1456708,1486659787
1486658177,219609988,11774177.0,1456708,1486659787
1486658121,219613682,13830725.0,1456708,1486659787
1486659218,219615918,11720329.0,1456708,1486659787
1486658121,219609854,10729163.0,1456708,1486659787
1486658159,219609948,99876251.0,1456708,1486659787
1486658092,219613603,12304492.0,1456708,1486659787
1486657986,219613418,38706080.0,1456708,1486659787
1486659216,219619736,13158759.0,1456708,1486659787
1486658145,219611784,46939014.0,1456708,1486659787
1486658135,219609897,19750899.0,1456708,1486659787
1486658091,219611637,12076733.0,1456708,1486659787
1486658115,219613663,9859223.0,1456708,1486659787
1486658116,219613671,462896.0,1456708,1486659787
1486658104,219613627,2283471.0,1456708,1486659787
1486658115,219609846,12834315.0,1456708,1486659787
1486658148,219611790,48864805.0,1456708,1486659787
1486658144,219613745,63128743.0,1456708,1486659787
1486657984,219613412,3008243.0,1456708,1486659787
1486659686,219622829,50000.0,1456708,1486659787
1486658084,219611618,39302647.0,1456708,1486659787
1486659128,219617520,50000.0,1456708,1486659787
1486658960,219617245,50000.0,1456708,1486659787
1486658144,219611782,9028761.0,1456708,1486659787
1486658117,219609849,6115121.0,1456708,1486659787
1486658096,219609791,7848767.0,1456708,1486659787
1486658087,219611625,4366109.0,1456708,1486659787
1486658143,219609912,2884522.0,1456708,1486659787
1486658087,219613590,19660759.0,1456708,1486659787
1486658780,219615178,50000.0,1456708,1486659787
1486658136,219613725,5166103.0,1456708,1486659787
1486658121,219611712,2933642.0,1456708,1486659787
1486658089,219613595,14985077.0,1456708,1486659787
1486658419,219614237,50000.0,1456708,1486659787
1486658138,219613727,13525852.0,1456708,1486659787
1486658410,219614226,50000.0,1456708,1486659787
1486657987,219611449,19928610.0,1456708,1486659787
1486658125,219613689,25996272.0,1456708,1486659787
1486659583,219618430,15628674.0,1456708,1486659787
1486658089,219609774,1404658.0,1456708,1486659787
1486658218,219610089,1903129.0,1456708,1486659787
1486659219,219619743,12928507.0,1456708,1486659787
1486658156,219611810,14928798.0,1456708,1486659787
1486658217,219610085,1194505.0,1456708,1486659787
1486658127,219609870,15871606.0,1456708,1486659787
1486658123,219611726,16113541.0,1456708,1486659787
1486657984,219609556,58963022.0,1456708,1486659787
1486658120,219611710,10571530.0,1456708,1486659787
1486657984,219613414,9486139.0,1456708,1486659787
1486659067,219617418,2633992.0,1456708,1486659787
1486659080,219615687,3733212.0,1456708,1486659787
1486659593,219620876,2363992.0,1456708,1486659787
1486659690,219621094,404200.0,1456708,1486659787
1486659676,219621073,24000003.0,1456708,1486659787
1486659527,219618303,732176840.0,1456708,1486659787
1486658311,219612070,1372073.0,1456708,1486659787
1486657822,219609271,286512280.0,1456708,1486659787
1486658376,219612202,274324151.0,1456708,1486659787
1486659172,219619655,1736234.0,1456708,1486659787
1486657970,219609534,93118337.0,1456708,1486659787
1486659135,219619591,2774724.0,1456708,1486659787
1486658761,219616936,4524184.0,1456708,1486659787
1486659546,219620770,16202503.0,1456708,1486659787
1486658825,219619074,4176666793.0,1456708,1486659787
1486659209,219615904,9596815039.0,1456708,1486659787
1486659099,219615715,9302776584.0,1456708,1486659787
1486659523,219618295,9660738007.0,1456708,1486659787
1486657789,219609204,16366606.0,1456708,1486659787
1486659135,219617534,78590000.0,1456708,1486659787
1486658291,219612032,51565210.0,1456708,1486659787
1486658548,219612500,1177330929.0,1456708,1486659787
1486658923,219615391,7969705915.0,1456708,1486659787
1486658558,219614798,3971294606.0,1456708,1486659787
1486658917,219619222,5134534618.0,1456708,1486659787
1486657978,219613396,230441039.0,1456708,1486659787
1486659086,219619522,8458075305.0,1456708,1486659787
1486657878,219611281,1733418.0,1456708,1486659787
1486659574,219618408,224775463.0,1456708,1486659787
1486659330,219617911,2001000179.0,1456708,1486659787
1486658242,219613945,300000.0,1456708,1486659787
1486658419,219612279,750000.0,1456708,1486659787
1486657808,219611155,101300.0,1456708,1486659787
1486657884,219609389,300000.0,1456708,1486659787
1486659629,219621003,345968001.0,1456708,1486659787
1486658536,219614461,800000.0,1456708,1486659787
1486659323,219617899,300000.0,1456708,1486659787
1486657800,219609221,1349200.0,1456708,1486659787
1486658659,219618782,957755653.0,1456708,1486659787
1486659078,219615684,199022719.0,1456708,1486659787
1486659621,219618561,621087.0,1456708,1486659787
1486657585,219612662,2960000.0,1456708,1486659787
1486657643,219608950,26632610.0,1456708,1486659787
1486659596,219620542,345858042.0,1456708,1486659787
1486659472,219620305,65712020.0,1456708,1486659787
1486657956,219611411,6919600.0,1456708,1486659787
1486659705,219621127,3671662.0,1456708,1486659787
1486658890,219615341,10213103.0,1456708,1486659787
1486659063,219617410,184772310.0,1456708,1486659787
1486657616,219608903,509385.0,1456708,1486659787
1486658699,219615026,488409840.0,1456708,1486659787
1486658076,219609746,2318330000.0,1456708,1486659787
1486658983,219617277,894836728.0,1456708,1486659787
1486657826,219613121,50000.0,1456708,1486659787
1486658498,219614690,2225774.0,1456708,1486659787
1486658039,219611524,522953.0,1456708,1486659787
1486657654,219612804,10880686.0,1456708,1486659787
1486659019,219619390,7799930000.0,1456708,1486659787
1486657683,219610937,41960000.0,1456708,1486659787
1486658727,219615074,256919536.0,1456708,1486659787
1486659205,219615899,8693296.0,1456708,1486659787
1486657568,219610720,150079856.0,1456708,1486659787
1486659161,219615810,1999960000.0,1456708,1486659787
1486659302,219619959,1997920000.0,1456708,1486659787
1486658440,219614286,6339000.0,1456708,1486659787
1486658372,219610382,657358773.0,1456708,1486659787
1486658732,219616886,2744267.0,1456708,1486659787
1486659729,219624943,501001659.0,1456708,1486659787
1486657705,219609057,37419069.0,1456708,1486659787
1486658746,219618932,8955044.0,1456708,1486659787
1486658383,219612209,1221428.0,1456708,1486659787
1486658783,219616979,2993916.0,1456708,1486659787
1486657634,219612765,90000.0,1456708,1486659787
1486659556,219620800,540000.0,1456708,1486659787
1486657947,219613332,6816520.0,1456708,1486659787
1486659133,219619583,539800.0,1456708,1486659787
1486659270,219619869,199850000.0,1456708,1486659787
1486658335,219612128,3536500.0,1456708,1486659787
1486657649,219608956,9842479.0,1456708,1486659787
1486657782,219611105,2914900.0,1456708,1486659787
1486657651,219612799,55023292.0,1456708,1486659787
1486659740,219624962,30189246.0,1456708,1486659787
1486658707,219615038,63487938.0,1456708,1486659787
1486658689,219615007,578368.0,1456708,1486659787
1486658652,219616745,63650200.0,1456708,1486659787
1486659610,219620940,540414.0,1456708,1486659787
1486659407,219616373,58429200.0,1456708,1486659787
1486657944,219609492,66340000.0,1456708,1486659787
1486657629,219610843,40439138.0,1456708,1486659787
1486659256,219616017,295800000.0,1456708,1486659787
1486659656,219618650,2166976.0,1456708,1486659787
1486658941,219619260,849308.0,1456708,1486659787
1486659576,219620843,18155181.0,1456708,1486659787
1486657477,219608618,8880524.0,1456708,1486659787
1486658911,219615374,9665856.0,1456708,1486659787
1486657835,219609293,69580000.0,1456708,1486659787
1486657916,219613269,2529212.0,1456708,1486659787
1486658028,219611505,899899.0,1456708,1486659787
1486657949,219609498,6766952.0,1456708,1486659787
1486659482,219618202,91434785.0,1456708,1486659787
1486658765,219615155,13921623.0,1456708,1486659787
1486657712,219610984,11383743.0,1456708,1486659787
1486658733,219615091,38570089.0,1456708,1486659787
1486658063,219613549,17054912.0,1456708,1486659787
1486658228,219610107,4021602.0,1456708,1486659787
1486658187,219613842,66654992.0,1456708,1486659787
1486657812,219613094,23161918.0,1456708,1486659787
1486658764,219615152,2281298.0,1456708,1486659787
1486659396,219616345,2060288.0,1456708,1486659787
1486657900,219609410,563704292.0,1456708,1486659787
1486657803,219611144,50000.0,1456708,1486659787
1486659551,219620787,92851650.0,1456708,1486659787
1486659680,219622817,165628553.0,1456708,1486659787
1486659522,219616635,1869300.0,1456708,1486659787
1486657961,219613356,449398553.0,1456708,1486659787
1486658748,219618939,1666667.0,1456708,1486659787
1486657864,219611253,6496811.0,1456708,1486659787
1486658769,219616953,3895783314.0,1456708,1486659787
1486658636,219618734,547576803.0,1456708,1486659787
1486657862,219613172,517438556.0,1456708,1486659787
1486658408,219614221,1666667.0,1456708,1486659787
1486659607,219618508,2569324791.0,1456708,1486659787
1486659607,219620929,9950000.0,1456708,1486659787
1486659607,219620578,39950000.0,1456708,1486659787
1486658012,219609607,540000.0,1456708,1486659787
1486657845,219609315,807744.0,1456708,1486659787
1486658747,219615113,75836639.0,1456708,1486659787
1486659656,219620720,83236816.0,1456708,1486659787
1486658038,219613491,2020800.0,1456708,1486659787
1486659763,219622957,378284.0,1456708,1486659787
1486658036,219613489,5027453453.0,1456708,1486659787
1486657805,219611149,707910376.0,1456708,1486659787
1486657812,219613089,39950000.0,1456708,1486659787
1486657812,219609255,9950000.0,1456708,1486659787
1486657982,219611442,743444.0,1456708,1486659787
1486659656,219620716,21643982.0,1456708,1486659787
1486657959,219609516,3967792.0,1456708,1486659787
1486659487,219616559,69676249.0,1456708,1486659787
1486658695,219616811,9408282006.0,1456708,1486659787
1486658190,219613845,485924446.0,1456708,1486659787
1486658614,219614589,146335770.0,1456708,1486659787
1486659527,219618305,109065770.0,1456708,1486659787
1486658366,219614156,13644875859.0,1456708,1486659787
1486657925,219611352,185671269.0,1456708,1486659787
1486658048,219609688,72042703.0,1456708,1486659787
1486658835,219617054,23926131.0,1456708,1486659787
1486658726,219618902,7467672.0,1456708,1486659787
1486659024,219619397,44400541995.0,1456708,1486659787
1486657969,219613374,401270224.0,1456708,1486659787
1486659724,219622888,1818700.0,1456708,1486659787
1486659354,219620071,756986182.0,1456708,1486659787
1486658886,219615332,342692855.0,1456708,1486659787
1486657999,219611467,140361177.0,1456708,1486659787
1486658049,219613520,2461846485.0,1456708,1486659787
1486658297,219610226,6271189.0,1456708,1486659787
1486659247,219619813,74667171.0,1456708,1486659787
1486659726,219621158,99551591.0,1456708,1486659787
1486657856,219611241,9720910.0,1456708,1486659787
1486659684,219624860,10047713940.0,1456708,1486659787
1486658648,219618758,357670271.0,1456708,1486659787
1486658284,219614024,473443762.0,1456708,1486659787
1486658248,219610137,620500.0,1456708,1486659787
1486658017,219609616,250000.0,1456708,1486659787
1486658737,219615098,223860160.0,1456708,1486659787
1486659608,219620933,69559657.0,1456708,1486659787
1486659634,219620671,141360663.0,1456708,1486659787
1486659366,219617978,209898607.0,1456708,1486659787
1486657707,219609064,8369813725.0,1456708,1486659787
1486658492,219612408,115999136.0,1456708,1486659787
1486659361,219620084,18735233.0,1456708,1486659787
1486658408,219614220,93775135.0,1456708,1486659787
1486657696,219612889,33151491.0,1456708,1486659787
1486659214,219617651,203599751.0,1456708,1486659787
1486659213,219619733,44705977.0,1456708,1486659787
1486658733,219618913,159783052.0,1456708,1486659787
1486658125,219609867,109693701.0,1456708,1486659787
1486658208,219610062,16000004.0,1456708,1486659787
1486658144,219611781,78665402.0,1456708,1486659787
1486658456,219612347,23977248.0,1456708,1486659787
1486657807,219613079,130157084.0,1456708,1486659787
1486658762,219615146,12867033.0,1456708,1486659787
1486658592,219614551,72523192.0,1456708,1486659787
1486659450,219620258,296315504.0,1456708,1486659787
1486658826,219617037,10000.0,1456708,1486659787
1486658720,219615064,10000.0,1456708,1486659787
1486658121,219609856,60000.0,1456708,1486659787
1486658855,219617091,13283228.0,1456708,1486659787
1486658766,219618969,121043812.0,1456708,1486659787
1486657718,219612937,3936189.0,1456708,1486659787
1486657684,219612860,31484118.0,1456708,1486659787
1486657778,219613032,18932159.0,1456708,1486659787
1486659008,219617314,400392640.0,1456708,1486659787
1486658131,219611740,62437248.0,1456708,1486659787
1486658073,219613564,23906432.0,1456708,1486659787
1486659127,219617516,199391162.0,1456708,1486659787
1486658575,219614825,53232987.0,1456708,1486659787
1486658544,219614777,251901694.0,1456708,1486659787
1486657707,219610977,56458931.0,1456708,1486659787
1486659787,219625055,87730.0,1456708,1486659787
1486658904,219619196,10109.0,1456708,1486659787
1486658927,219615398,29105338.0,1456708,1486659787
1486658734,219618917,21778726.0,1456708,1486659787
1486658822,219615238,27508726.0,1456708,1486659787
1486658193,219610025,19858726.0,1456708,1486659787
1486658289,219612029,9938726.0,1456708,1486659787
1486658712,219618879,192876930.0,1456708,1486659787
1486657917,219609452,4498232.0,1456708,1486659787
1486659208,219615903,68649136.0,1456708,1486659787
1486657713,219612926,126217248.0,1456708,1486659787
1486658996,219617296,36032740.0,1456708,1486659787
1486657737,219609115,32027841.0,1456708,1486659787
1486658506,219614700,16626221.0,1456708,1486659787
1486659158,219619626,13430504.0,1456708,1486659787
1486659579,219618419,35165172.0,1456708,1486659787
1486659758,219624997,1002722.0,1456708,1486659787
1486658635,219616711,30072987.0,1456708,1486659787
1486658411,219610445,19332015.0,1456708,1486659787
1486659308,219616145,702728000.0,1456708,1486659787
1486659786,219625032,1113668000.0,1456708,1486659787
1486658934,219615411,10000.0,1456708,1486659787
1486658520,219612453,10000.0,1456708,1486659787
1486659317,219619988,7957379.0,1456708,1486659787
1486657766,219611072,120000.0,1456708,1486659787
1486658189,219611878,95122209.0,1456708,1486659787
1486658171,219613809,116739938.0,1456708,1486659787
1486658245,219611970,41198931.0,1456708,1486659787
1486658677,219618809,1729000.0,1456708,1486659787
1486659597,219620895,22824069.0,1456708,1486659787
1486657813,219611168,112298536.0,1456708,1486659787
1486657749,219612989,28206215.0,1456708,1486659787
1486658035,219609655,3801000368.0,1456708,1486659787
1486659328,219616201,102410030.0,1456708,1486659787
1486659085,219615695,2466795.0,1456708,1486659787
1486657687,219610942,466927348.0,1456708,1486659787
1486659676,219618697,1223358000.0,1456708,1486659787
1486658402,219612238,50000.0,1456708,1486659787
1486657797,219609217,16818067.0,1456708,1486659787
1486657839,219609307,20851797.0,1456708,1486659787
1486658875,219615316,16404927.0,1456708,1486659787
1486658487,219614671,60182307.0,1456708,1486659787
1486657869,219609353,35670777.0,1456708,1486659787
1486659001,219619358,22648726.0,1456708,1486659787
1486659771,219625019,12954025.0,1456708,1486659787
1486657902,219611314,2163225.0,1456708,1486659787
1486658395,219612229,30839332.0,1456708,1486659787
1486658295,219614044,44118726.0,1456708,1486659787
1486658045,219613504,25229106.0,1456708,1486659787
1486657914,219613264,16798726.0,1456708,1486659787
1486658127,219613694,37073678.0,1456708,1486659787
1486657976,219613389,12874177.0,1456708,1486659787
1486658522,219614425,16011766.0,1456708,1486659787
1486659415,219620176,29609059.0,1456708,1486659787
1486658428,219614254,39708726.0,1456708,1486659787
1486658035,219613487,27898726.0,1456708,1486659787
1486658228,219613920,33445875.0,1456708,1486659787
1486657779,219613033,221278726.0,1456708,1486659787
1486658607,219614581,119423977.0,1456708,1486659787
1486658109,219613645,243379461.0,1456708,1486659787
1486659272,219617788,17162504.0,1456708,1486659787
1486658849,219617082,55808931.0,1456708,1486659787
1486659225,219615931,130000.0,1456708,1486659787
1486658555,219612511,20000.0,1456708,1486659787
1486658320,219612090,20000.0,1456708,1486659787
1486658111,219611685,9508152.0,1456708,1486659787
1486658866,219615296,53092987.0,1456708,1486659787
1486659360,219616278,56072987.0,1456708,1486659787
1486659531,219618316,4130240.0,1456708,1486659787
1486658216,219613898,23104186.0,1456708,1486659787
1486659658,219621051,45472987.0,1456708,1486659787
1486658516,219614416,16592987.0,1456708,1486659787
1486658069,219609738,43262987.0,1456708,1486659787
1486659080,219617446,168912987.0,1456708,1486659787
1486658157,219609941,25113739.0,1456708,1486659787
1486657870,219611260,76741985.0,1456708,1486659787
1486658787,219615191,50001293.0,1456708,1486659787
1486659730,219621169,37012987.0,1456708,1486659787
1486658976,219617267,47678087.0,1456708,1486659787
1486659656,219620717,4533707.0,1456708,1486659787
1486658623,219616697,140132.0,1456708,1486659787
1486658054,219613532,10000.0,1456708,1486659787
1486657812,219609257,10000.0,1456708,1486659787
1486657700,219609048,10000.0,1456708,1486659787
1486657865,219613181,1401552908.0,1456708,1486659787
1486659740,219624963,237900.0,1456708,1486659787
1486659720,219624929,7006176.0,1456708,1486659787
1486658824,219619073,353148523.0,1456708,1486659787
1486658710,219618875,577300.0,1456708,1486659787
1486659492,219618227,134600.0,1456708,1486659787
1486659628,219620998,450000.0,1456708,1486659787
1486657999,219613437,59038324.0,1456708,1486659787
1486658547,219612495,27268726.0,1456708,1486659787
1486659281,219619888,17718726.0,1456708,1486659787
1486659476,219618196,22378726.0,1456708,1486659787
1486658206,219613884,19748726.0,1456708,1486659787
1486659566,219620815,11348726.0,1456708,1486659787
1486658120,219611709,40693127.0,1456708,1486659787
1486657722,219612946,2394609.0,1456708,1486659787
1486659637,219620681,17048726.0,1456708,1486659787
1486659656,219621048,22411841.0,1456708,1486659787
1486657863,219609341,2811056.0,1456708,1486659787
1486658212,219610076,14102299.0,1456708,1486659787
1486658091,219613599,6244288.0,1456708,1486659787
1486658471,219612371,29416961.0,1456708,1486659787
1486657717,219612933,50000.0,1456708,1486659787
1486659473,219618194,3643534.0,1456708,1486659787
1486658243,219611966,50042338.0,1456708,1486659787
1486659189,219617611,61452987.0,1456708,1486659787
1486657829,219613126,66429026.0,1456708,1486659787
1486659319,219619993,65918444.0,1456708,1486659787
1486658620,219614893,43822987.0,1456708,1486659787
1486658667,219618793,56092987.0,1456708,1486659787
1486657917,219611338,628172920.0,1456708,1486659787
1486657809,219609246,174870500.0,1456708,1486659787
1486659271,219617777,6174795.0,1456708,1486659787
1486658672,219618801,330000.0,1456708,1486659787
1486659613,219620955,169987689.0,1456708,1486659787
1486659023,219617341,12788667.0,1456708,1486659787
1486658247,219613951,29708726.0,1456708,1486659787
1486659056,219615631,28069332.0,1456708,1486659787
1486659716,219621142,8794440.0,1456708,1486659787
1486657909,219609428,24920834.0,1456708,1486659787
1486658293,219614041,9938726.0,1456708,1486659787
1486658464,219614330,11735677.0,1456708,1486659787
1486659304,219619961,9901188.0,1456708,1486659787
1486657765,219609170,1210502525.0,1456708,1486659787
1486658159,219611817,99173995.0,1456708,1486659787
1486659275,219619877,62650000.0,1456708,1486659787
1486659273,219616071,116547000.0,1456708,1486659787
1486657969,219613373,20000.0,1456708,1486659787
1486658822,219617034,384752934.0,1456708,1486659787
1486659612,219618527,1578821535.0,1456708,1486659787
1486657880,219609381,1298260916.0,1456708,1486659787
1486657883,219609388,10000.0,1456708,1486659787
1486659246,219619806,150000.0,1456708,1486659787
1486658616,219614889,50000.0,1456708,1486659787
1486659311,219616153,150000.0,1456708,1486659787
1486659351,219620062,14468611.0,1456708,1486659787
1486658755,219616926,137500.0,1456708,1486659787
1486658196,219611893,150000.0,1456708,1486659787
1486658263,219613986,143479.0,1456708,1486659787
1486659275,219617799,141408.0,1456708,1486659787
1486658114,219611691,131400.0,1456708,1486659787
1486658272,219614004,129300.0,1456708,1486659787
1486658510,219614708,4511110.0,1456708,1486659787
1486658593,219614860,6552756.0,1456708,1486659787
1486659272,219617791,22538495.0,1456708,1486659787
1486659273,219616073,481178330.0,1456708,1486659787
1486659269,219616058,21833997.0,1456708,1486659787
1486658336,219612133,21353286.0,1456708,1486659787
1486658691,219615012,14762377.0,1456708,1486659787
1486659103,219617482,19138726.0,1456708,1486659787
1486658165,219611831,23078726.0,1456708,1486659787
1486658740,219618926,20428726.0,1456708,1486659787
1486658147,219611786,28758726.0,1456708,1486659787
1486658428,219610481,13402371.0,1456708,1486659787
1486658775,219616970,14592377.0,1456708,1486659787
1486659189,219615862,30790643.0,1456708,1486659787
1486658275,219610173,22379409.0,1456708,1486659787
1486658909,219619202,14858726.0,1456708,1486659787
1486659236,219617695,13188726.0,1456708,1486659787
1486659614,219620959,16616928.0,1456708,1486659787
1486657899,219611309,22740835.0,1456708,1486659787
1486659332,219620030,7530354.0,1456708,1486659787
1486659506,219620391,12768726.0,1456708,1486659787
1486658012,219613454,14658726.0,1456708,1486659787
1486657959,219613350,9607528.0,1456708,1486659787
1486658972,219615485,33938726.0,1456708,1486659787
1486658576,219614527,21004954.0,1456708,1486659787
1486659189,219617610,23179590.0,1456708,1486659787
1486658970,219615481,26318726.0,1456708,1486659787
1486659015,219615568,98022409.0,1456708,1486659787
1486659178,219619668,36625497.0,1456708,1486659787
1486659453,219618149,17098726.0,1456708,1486659787
1486658313,219610258,22324497.0,1456708,1486659787
1486659491,219616569,42078726.0,1456708,1486659787
1486659775,219625022,17602086.0,1456708,1486659787
1486659468,219618188,11762903.0,1456708,1486659787
1486659441,219616458,37318726.0,1456708,1486659787
1486658969,219615479,13338726.0,1456708,1486659787
1486659040,219615615,14917437.0,1456708,1486659787
1486659444,219620247,23168726.0,1456708,1486659787
1486659088,219615701,19588726.0,1456708,1486659787
1486658977,219615490,25018726.0,1456708,1486659787
1486658459,219614324,120990058.0,1456708,1486659787
1486659651,219621036,5105574.0,1456708,1486659787
1486657785,219611113,5638726.0,1456708,1486659787
1486658271,219611999,38306221.0,1456708,1486659787
1486659272,219617790,16069773.0,1456708,1486659787
1486657987,219611450,50458726.0,1456708,1486659787
1486657778,219609183,22372050.0,1456708,1486659787
1486659060,219615640,6212377.0,1456708,1486659787
1486658303,219612054,15632371.0,1456708,1486659787
1486658547,219614783,35868726.0,1456708,1486659787
1486658871,219615304,1993912.0,1456708,1486659787
1486658148,219613757,40668726.0,1456708,1486659787
1486658806,219619048,31398726.0,1456708,1486659787
1486659351,219616258,332173750.0,1456708,1486659787
1486658996,219615526,8366105.0,1456708,1486659787
1486658289,219612027,20651.0,1456708,1486659787
1486658696,219618843,24279626.0,1456708,1486659787
1486658935,219615416,29512987.0,1456708,1486659787
1486658037,219611518,19768805.0,1456708,1486659787
1486658691,219615010,80000.0,1456708,1486659787
1486659380,219616319,303100.0,1456708,1486659787
1486658676,219616787,193187.0,1456708,1486659787
1486657561,219612609,80000.0,1456708,1486659787
1486659594,219618463,19664242.0,1456708,1486659787
1486658262,219610152,30181260.0,1456708,1486659787
1486658935,219615417,6256188.0,1456708,1486659787
1486658028,219613480,20000.0,1456708,1486659787
1486659219,219619745,35370726.0,1456708,1486659787
1486659222,219619756,303100.0,1456708,1486659787
1486658096,219613611,29931575.0,1456708,1486659787
1486659296,219619938,32479283.0,1456708,1486659787
1486659257,219616022,14618726.0,1456708,1486659787
1486658894,219617152,23058726.0,1456708,1486659787
1486659751,219621206,24315906.0,1456708,1486659787
1486659537,219618333,2622379.0,1456708,1486659787
1486658236,219611952,38352669.0,1456708,1486659787
1486658211,219610073,37928726.0,1456708,1486659787
1486659661,219620733,2351674.0,1456708,1486659787
1486659131,219617523,41438726.0,1456708,1486659787
1486658575,219614824,31480925.0,1456708,1486659787
1486658245,219610131,30618726.0,1456708,1486659787
1486658306,219612058,17618726.0,1456708,1486659787
1486658135,219609898,78024258.0,1456708,1486659787
1486659181,219619672,21826021.0,1456708,1486659787
1486658522,219614729,91745519.0,1456708,1486659787
1486658846,219619120,30778726.0,1456708,1486659787
1486658950,219615450,25222593.0,1456708,1486659787
1486659534,219618322,24111319.0,1456708,1486659787
1486658206,219611908,22718726.0,1456708,1486659787
1486659726,219624936,2658879.0,1456708,1486659787
1486658599,219616665,30428726.0,1456708,1486659787
1486658123,219613686,17083369.0,1456708,1486659787
1486658391,219610406,36058726.0,1456708,1486659787
1486657877,219611279,75867.0,1456708,1486659787
1486659271,219616068,7301379.0,1456708,1486659787
1486659275,219619878,25790000.0,1456708,1486659787
1486657653,219612802,454064196.0,1456708,1486659787
1486658386,219612213,26149856.0,1456708,1486659787
1486658950,219615444,33651744.0,1456708,1486659787
1486658219,219610090,43928863.0,1456708,1486659787
1486659650,219620704,716835.0,1456708,1486659787
1486659706,219624901,9928794.0,1456708,1486659787
1486658053,219609700,25120384.0,1456708,1486659787
1486658131,219613714,30000.0,1456708,1486659787
1486658379,219612206,303100.0,1456708,1486659787
1486657968,219611422,9928608.0,1456708,1486659787
1486658561,219614498,30014.0,1456708,1486659787
1486658927,219617198,76582.0,1456708,1486659787
1486659247,219619814,56000.0,1456708,1486659787
1486657908,219611327,2747152097.0,1456708,1486659787
1486658510,219612434,2743715557.0,1456708,1486659787
1486658556,219614790,283737236.0,1456708,1486659787
1486658313,219610255,1425120495.0,1456708,1486659787
1486658684,219614997,660348890.0,1456708,1486659787
1486658985,219615500,1353583955.0,1456708,1486659787
1486659338,219617932,1270547415.0,1456708,1486659787
1486658786,219615186,7070761.0,1456708,1486659787
1486658017,219613460,25661288.0,1456708,1486659787
1486658096,219609792,1225560792.0,1456708,1486659787
1486658776,219615173,2730631209.0,1456708,1486659787
1486658897,219615354,1543887931.0,1456708,1486659787
1486659600,219620905,1225510875.0,1456708,1486659787
1486657572,219610734,68431.0,1456708,1486659787
1486658200,219610047,2996593.0,1456708,1486659787
1486658634,219614912,16346670.0,1456708,1486659787
1486658488,219614673,400135273.0,1456708,1486659787
1486658157,219613777,520934.0,1456708,1486659787
1486659057,219619467,120003.0,1456708,1486659787
1486658780,219616973,119896.0,1456708,1486659787
1486658271,219614000,521480.0,1456708,1486659787
1486658387,219614184,119729.0,1456708,1486659787
1486659404,219620150,522769.0,1456708,1486659787
1486659383,219620111,522713.0,1456708,1486659787
1486659323,219620009,120139.0,1456708,1486659787
1486659116,219619567,522324.0,1456708,1486659787
1486659331,219617914,120140.0,1456708,1486659787
1486658407,219614217,119732.0,1456708,1486659787
1486657582,219612654,1682842.0,1456708,1486659787
1486657978,219613397,2512481.0,1456708,1486659787
1486658519,219614420,478416349.0,1456708,1486659787
1486657699,219609046,145998762.0,1456708,1486659787
1486659100,219615719,142077362.0,1456708,1486659787
1486659011,219619375,667263945.0,1456708,1486659787
1486659450,219618141,82266862.0,1456708,1486659787
1486659662,219618666,80818862.0,1456708,1486659787
1486658253,219610140,389700135.0,1456708,1486659787
1486658121,219611715,302765684.0,1456708,1486659787
1486658494,219614379,473922745.0,1456708,1486659787
1486659747,219621201,73736062.0,1456708,1486659787
1486658846,219617070,531329358.0,1456708,1486659787
1486657850,219609321,512623.0,1456708,1486659787
1486659338,219616227,120443.0,1456708,1486659787
1486657613,219608895,105604.0,1456708,1486659787
1486659317,219619989,120080.0,1456708,1486659787
1486659483,219616542,120303.0,1456708,1486659787
1486659253,219617733,120027.0,1456708,1486659787
1486659395,219620135,120230.0,1456708,1486659787
1486658354,219614140,119650.0,1456708,1486659787
1486657757,219609155,103726.0,1456708,1486659787
1486658291,219614034,521607.0,1456708,1486659787
1486658040,219609664,108520.0,1456708,1486659787
1486657864,219611254,518280.0,1456708,1486659787
1486658595,219616656,119827.0,1456708,1486659787
1486659467,219618186,120280.0,1456708,1486659787
1486657573,219610735,514040.0,1456708,1486659787
1486658676,219616788,119880.0,1456708,1486659787
1486658697,219615023,119880.0,1456708,1486659787
1486659370,219620097,120172.0,1456708,1486659787
1486659013,219615559,119995.0,1456708,1486659787
1486659788,219625042,3360896.0,1456708,1486659787
1486657950,219613339,27969664.0,1456708,1486659787
1486658739,219616900,7400290.0,1456708,1486659787
1486657561,219608788,175027364.0,1456708,1486659787
1486657869,219609356,199970000.0,1456708,1486659787
1486658150,219611794,390206638.0,1456708,1486659787
1486657638,219610859,4758800.0,1456708,1486659787
1486658023,219611497,131620765.0,1456708,1486659787
1486659275,219617801,1510000.0,1456708,1486659787
1486658733,219616888,4698831104.0,1456708,1486659787
1486659301,219617854,2698711.0,1456708,1486659787
1486658068,219611587,5001000290.0,1456708,1486659787
1486659259,219619841,912237735.0,1456708,1486659787
1486658699,219616820,29737383.0,1456708,1486659787
1486657876,219609371,1457477070.0,1456708,1486659787
1486657922,219611344,1049160.0,1456708,1486659787
1486659761,219622954,1654860.0,1456708,1486659787
1486658711,219615046,150000000.0,1456708,1486659787
1486658038,219613492,4882341.0,1456708,1486659787
1486659418,219616389,1568760.0,1456708,1486659787
1486658237,219610119,1767185368.0,1456708,1486659787
1486657974,219613382,904672308.0,1456708,1486659787
1486659473,219618192,1298640372.0,1456708,1486659787
1486658149,219609925,1921701891.0,1456708,1486659787
1486658153,219611799,1623091337.0,1456708,1486659787
1486659452,219620260,733967414.0,1456708,1486659787
1486659598,219620896,731727424.0,1456708,1486659787
1486658471,219612370,815307915.0,1456708,1486659787
1486659255,219616011,7908921.0,1456708,1486659787
1486658503,219614394,1832696106.0,1456708,1486659787
1486659757,219624994,1831656116.0,1456708,1486659787
1486659188,219619691,534173879.0,1456708,1486659787
1486659604,219620562,527133889.0,1456708,1486659787
1486658992,219615518,1724025956.0,1456708,1486659787
1486658399,219612232,159379527.0,1456708,1486659787
1486659104,219615725,1397226942.0,1456708,1486659787
1486658769,219616959,1686157270.0,1456708,1486659787
1486658659,219616759,600835093.0,1456708,1486659787
1486658132,219611744,1449413146.0,1456708,1486659787
1486659608,219620934,180456.0,1456708,1486659787
1486659562,219620812,2970528.0,1456708,1486659787
1486658978,219615492,448469.0,1456708,1486659787
1486657800,219611140,49965310.0,1456708,1486659787
1486658850,219619124,1570408.0,1456708,1486659787
1486657783,219613040,37217482289.0,1456708,1486659787
1486658009,219609605,36383554181.0,1456708,1486659787
1486658435,219610489,25490001649.0,1456708,1486659787
1486657966,219613366,1214169.0,1456708,1486659787
1486659223,219619757,28709272.0,1456708,1486659787
1486658129,219613703,760962.0,1456708,1486659787
1486658875,219619154,963400.0,1456708,1486659787
1486658810,219617017,17584093.0,1456708,1486659787
1486658175,219613817,1768200.0,1456708,1486659787
1486657751,219611050,419365255.0,1456708,1486659787
1486657842,219613140,724880000.0,1456708,1486659787
1486659210,219617644,38733940.0,1456708,1486659787
1486658586,219612541,73205265.0,1456708,1486659787
1486658049,219609690,1870720.0,1456708,1486659787
1486659284,219617824,3718894.0,1456708,1486659787
1486657830,219611198,1045900.0,1456708,1486659787
1486658770,219616961,133452068.0,1456708,1486659787
1486659492,219620358,283770418.0,1456708,1486659787
1486657687,219612865,425701066.0,1456708,1486659787
1486659249,219617722,24116277.0,1456708,1486659787
1486658171,219611843,86106242.0,1456708,1486659787
1486658647,219616735,437066063.0,1456708,1486659787
1486659367,219616295,288966428.0,1456708,1486659787
1486659127,219617517,258296806.0,1456708,1486659787
1486657873,219609365,1249000137.0,1456708,1486659787
1486657966,219609530,614405655.0,1456708,1486659787
1486658082,219613580,11844766.0,1456708,1486659787
1486658048,219611548,30667654.0,1456708,1486659787
1486658425,219614251,149836176.0,1456708,1486659787
1486659006,219617311,391098607.0,1456708,1486659787
1486659742,219621186,1877920896.0,1456708,1486659787
1486658892,219619173,295302925.0,1456708,1486659787
1486658529,219614748,136106798.0,1456708,1486659787
1486657859,219611245,2730429.0,1456708,1486659787
1486658361,219614149,905577.0,1456708,1486659787
1486657811,219609252,574222848.0,1456708,1486659787
1486659247,219619811,739591.0,1456708,1486659787
1486658289,219612028,210841850.0,1456708,1486659787
1486658059,219611568,9673987.0,1456708,1486659787
1486657807,219609239,326325.0,1456708,1486659787
1486657831,219609286,5171056.0,1456708,1486659787
1486658292,219610206,68106927.0,1456708,1486659787
1486658364,219614152,481060195.0,1456708,1486659787
1486659109,219617495,3826864.0,1456708,1486659787
1486658766,219618970,3311777.0,1456708,1486659787
1486658964,219617250,125049292.0,1456708,1486659787
1486657907,219611323,30712303.0,1456708,1486659787
1486658189,219610011,8142160.0,1456708,1486659787
1486657892,219609399,60033292.0,1456708,1486659787
1486658245,219610132,128602049.0,1456708,1486659787
1486659432,219616442,16398591.0,1456708,1486659787
1486658786,219615188,506292.0,1456708,1486659787
1486659780,219621256,41749760.0,1456708,1486659787
1486657571,219610728,200409199.0,1456708,1486659787
1486658064,219613551,241990.0,1456708,1486659787
1486659615,219620965,310000.0,1456708,1486659787
1486659080,219619509,29250000.0,1456708,1486659787
1486658062,219611580,23188292.0,1456708,1486659787
1486659501,219618260,92437706.0,1456708,1486659787
1486659370,219620099,22383420.0,1456708,1486659787
1486658645,219618753,4182240.0,1456708,1486659787
1486659014,219615564,14015058.0,1456708,1486659787
1486658122,219611717,898395212.0,1456708,1486659787
1486658002,219613443,221756712.0,1456708,1486659787
1486657804,219611147,548896562.0,1456708,1486659787
1486658944,219619269,523650108.0,1456708,1486659787
1486658924,219619231,4573296005.0,1456708,1486659787
1486657902,219613235,630434231.0,1456708,1486659787
1486658947,219615439,1053003.0,1456708,1486659787
1486658302,219612050,1115186444.0,1456708,1486659787
1486658518,219614419,496823244.0,1456708,1486659787
1486658770,219615166,4890110.0,1456708,1486659787
1486659185,219619681,1412678894.0,1456708,1486659787
1486659004,219615536,1084120654.0,1456708,1486659787
1486659098,219619541,938201792.0,1456708,1486659787
1486658479,219612390,1517017536.0,1456708,1486659787
1486658077,219609748,52880234.0,1456708,1486659787
1486658084,219609767,80990910.0,1456708,1486659787
1486657902,219611315,6185910.0,1456708,1486659787
1486657897,219609406,311749165.0,1456708,1486659787
1486659202,219615890,4541880.0,1456708,1486659787
1486657994,219609584,1325942196.0,1456708,1486659787
1486658075,219611597,1939910.0,1456708,1486659787
1486657581,219608825,25089875.0,1456708,1486659787
1486659726,219622890,302451993.0,1456708,1486659787
1486657565,219610712,675730628.0,1456708,1486659787
1486658555,219612510,217594006.0,1456708,1486659787
1486657673,219612833,102287816.0,1456708,1486659787
1486658663,219616766,2489100.0,1456708,1486659787
1486657925,219613286,13628552.0,1456708,1486659787
1486658446,219614604,592405996.0,1456708,1486659787
1486658013,219611483,4163175612.0,1456708,1486659787
1486658513,219612438,305511.0,1456708,1486659787
1486658531,219614450,555506.0,1456708,1486659787
1486658838,219617061,3627882619.0,1456708,1486659787
1486657768,219611076,2120298076.0,1456708,1486659787
1486659509,219616609,1376404382.0,1456708,1486659787
1486659613,219618532,1007841205.0,1456708,1486659787
1486659222,219619755,505691283.0,1456708,1486659787
1486659343,219616235,502748706.0,1456708,1486659787
1486658192,219613856,446056680.0,1456708,1486659787
1486659290,219619920,422381696.0,1456708,1486659787
1486658620,219616693,1211799795.0,1456708,1486659787
1486658698,219618850,2717531.0,1456708,1486659787
1486657946,219613330,458826412.0,1456708,1486659787
1486657949,219613335,165824.0,1456708,1486659787
1486657660,219612812,1549535235.0,1456708,1486659787
1486657785,219609201,79114402.0,1456708,1486659787
1486659335,219616213,1005742675.0,1456708,1486659787
1486658169,219613804,15200035.0,1456708,1486659787
1486658773,219618977,10259495.0,1456708,1486659787
1486658183,219613832,982897209.0,1456708,1486659787
1486658062,219609722,858568586.0,1456708,1486659787
1486658401,219610422,5115987262.0,1456708,1486659787
1486658231,219610111,4759077711.0,1456708,1486659787
1486658764,219615153,1467928932.0,1456708,1486659787
1486659024,219615588,922626939.0,1456708,1486659787
1486659260,219619845,126060387.0,1456708,1486659787
1486658098,219609799,333716056.0,1456708,1486659787
1486658784,219616981,2824691076.0,1456708,1486659787
1486658454,219612345,490111669.0,1456708,1486659787
1486659048,219619452,244491207.0,1456708,1486659787
1486658862,219615291,3060743036.0,1456708,1486659787
1486658914,219615376,6152826328.0,1456708,1486659787
1486657836,219611203,3927068558.0,1456708,1486659787
1486659604,219620917,3390057.0,1456708,1486659787
1486657836,219611204,9950000.0,1456708,1486659787
1486659689,219622834,1963163708.0,1456708,1486659787
1486659755,219622941,500616853.0,1456708,1486659787
1486658782,219615180,498773983.0,1456708,1486659787
1486659362,219620085,459627581.0,1456708,1486659787
1486658323,219612098,1159721933.0,1456708,1486659787
1486658163,219613793,4508465536.0,1456708,1486659787
1486658855,219617096,189632252.0,1456708,1486659787
1486659093,219619532,627468296.0,1456708,1486659787
1486659157,219617565,295045798.0,1456708,1486659787
1486659482,219618201,529353756.0,1456708,1486659787
1486658250,219611977,3950377.0,1456708,1486659787
1486659703,219622852,497691930.0,1456708,1486659787
1486658423,219612288,1395604614.0,1456708,1486659787
1486658414,219610450,486242829.0,1456708,1486659787
1486659780,219621258,467942042.0,1456708,1486659787
1486658267,219610165,21360000.0,1456708,1486659787
1486657976,219613391,8054100.0,1456708,1486659787
1486658627,219614901,7805800.0,1456708,1486659787
1486659488,219620346,176175451.0,1456708,1486659787
1486659261,219619848,20176470.0,1456708,1486659787
1486659188,219615860,1518962.0,1456708,1486659787
1486658448,219612331,780000.0,1456708,1486659787
1486658187,219611876,97000.0,1456708,1486659787
1486657926,219613288,145118783.0,1456708,1486659787
1486658087,219609771,2602783.0,1456708,1486659787
1486658069,219613558,24542783.0,1456708,1486659787
1486658093,219613605,6477783.0,1456708,1486659787
1486658410,219610442,22417783.0,1456708,1486659787
1486659070,219619490,1430021.0,1456708,1486659787
1486658408,219612252,2000759.0,1456708,1486659787
1486657865,219611256,11001910.0,1456708,1486659787
1486657913,219611334,1272175.0,1456708,1486659787
1486657680,219612846,2820400.0,1456708,1486659787
1486659049,219619453,8395.0,1456708,1486659787
1486659432,219618111,2530646.0,1456708,1486659787
1486657825,219609277,491936.0,1456708,1486659787
1486658887,219617136,1113606.0,1456708,1486659787
1486658069,219609737,905975.0,1456708,1486659787
1486658523,219614429,8169248.0,1456708,1486659787
1486659247,219619812,13607820.0,1456708,1486659787
1486658476,219614648,3699960.0,1456708,1486659787
1486659570,219620824,10187031.0,1456708,1486659787
1486658694,219616809,2435140.0,1456708,1486659787
1486659163,219619633,20223239704.0,1456708,1486659787
1486659615,219620963,49950000.0,1456708,1486659787
1486658333,219612122,462695.0,1456708,1486659787
1486658878,219617123,16174344.0,1456708,1486659787
1486658592,219614852,444783.0,1456708,1486659787
1486657880,219611288,1000000.0,1456708,1486659787
1486658728,219615075,1453028.0,1456708,1486659787
1486658118,219611702,73367145.0,1456708,1486659787
1486658887,219617138,5565504.0,1456708,1486659787
1486658056,219613539,2285268.0,1456708,1486659787
1486659327,219616198,950000.0,1456708,1486659787
1486658526,219612464,29013645.0,1456708,1486659787
1486658521,219614723,27275639.0,1456708,1486659787
1486658518,219612449,17306817.0,1456708,1486659787
1486659387,219618008,1400440.0,1456708,1486659787
1486658518,219614418,10309780.0,1456708,1486659787
1486658551,219614477,1290739.0,1456708,1486659787
1486658931,219615406,507269.0,1456708,1486659787
1486658523,219614428,27803919.0,1456708,1486659787
1486658575,219614823,1866530.0,1456708,1486659787
1486658517,219612446,10188438.0,1456708,1486659787
1486658515,219614711,2141298.0,1456708,1486659787
1486658576,219614828,767258.0,1456708,1486659787
1486658590,219614850,13436530.0,1456708,1486659787
1486658522,219614426,27568086.0,1456708,1486659787
1486658735,219618920,3061776.0,1456708,1486659787
1486658974,219619323,34000000.0,1456708,1486659787
1486658065,219609730,17573783.0,1456708,1486659787
1486657900,219611312,259944783.0,1456708,1486659787
1486658167,219609969,93270783.0,1456708,1486659787
1486658892,219615345,20413259404.0,1456708,1486659787
1486658626,219614899,1997956.0,1456708,1486659787
1486659530,219618311,2424695.0,1456708,1486659787
1486658309,219614065,805000.0,1456708,1486659787
1486659587,219620864,4569600.0,1456708,1486659787
1486657714,219612928,110000.0,1456708,1486659787
1486658573,219614518,6069605.0,1456708,1486659787
1486658488,219612402,20669040.0,1456708,1486659787
1486658574,219614519,47949050.0,1456708,1486659787
1486658576,219614526,149504.0,1456708,1486659787
1486658519,219612451,18280915.0,1456708,1486659787
1486658529,219614447,29650412.0,1456708,1486659787
1486658576,219614826,94597659.0,1456708,1486659787
1486658530,219612470,47646618.0,1456708,1486659787
1486659269,219619868,104394066.0,1456708,1486659787
1486659210,219617642,56094167.0,1456708,1486659787
1486658576,219614528,2145857.0,1456708,1486659787
1486659567,219618397,9235183.0,1456708,1486659787
1486658530,219612468,45439174.0,1456708,1486659787
1486658584,219614837,28548716.0,1456708,1486659787
1486658513,219612439,2126265.0,1456708,1486659787
1486658520,219614721,25414575.0,1456708,1486659787
1486658590,219614851,4703554.0,1456708,1486659787
1486658576,219614827,165270345.0,1456708,1486659787
1486658530,219612469,29995408.0,1456708,1486659787
1486659300,219619947,48856345.0,1456708,1486659787
1486658034,219609651,29100332.0,1456708,1486659787
1486659426,219618094,12480998.0,1456708,1486659787
1486657910,219611329,10112783.0,1456708,1486659787
1486657889,219613223,62162783.0,1456708,1486659787
1486658661,219614962,344829475.0,1456708,1486659787
1486657939,219613316,39675447.0,1456708,1486659787
1486659547,219618352,13931965.0,1456708,1486659787
1486658186,219613840,1400000.0,1456708,1486659787
1486658708,219618869,45774195.0,1456708,1486659787
1486658704,219616829,5790270.0,1456708,1486659787
1486658747,219618937,64460778.0,1456708,1486659787
1486658818,219617024,19460313.0,1456708,1486659787
1486658886,219615335,37204709.0,1456708,1486659787
1486659138,219617539,30386341.0,1456708,1486659787
1486659510,219616611,32481227.0,1456708,1486659787
1486659577,219620844,92197904.0,1456708,1486659787
1486658053,219613530,21320031.0,1456708,1486659787
1486658166,219611834,23602134.0,1456708,1486659787
1486658297,219614045,18311404.0,1456708,1486659787
1486658603,219616673,2455643.0,1456708,1486659787
1486658982,219619335,37479298.0,1456708,1486659787
1486659724,219624933,4761045.0,1456708,1486659787
1486658457,219614320,2628054.0,1456708,1486659787
1486658539,219612481,6146444.0,1456708,1486659787
1486659778,219625024,42805670.0,1456708,1486659787
1486659531,219620439,30193168.0,1456708,1486659787
1486659682,219624851,26767084.0,1456708,1486659787
1486658842,219615263,19526976.0,1456708,1486659787
1486659726,219622892,3499334.0,1456708,1486659787
1486658830,219619082,1821800.0,1456708,1486659787
1486658956,219615465,10660868.0,1456708,1486659787
1486659276,219617805,1024452210.0,1456708,1486659787
1486658067,219609736,3859187.0,1456708,1486659787
1486659768,219622968,366290650.0,1456708,1486659787
1486659370,219616304,1978473.0,1456708,1486659787
1486657988,219611454,780000.0,1456708,1486659787
1486658191,219610018,746007.0,1456708,1486659787
1486658540,219614464,1399007.0,1456708,1486659787
1486657935,219611367,3707632.0,1456708,1486659787
1486658022,219609627,4831135.0,1456708,1486659787
1486659599,219620549,2545424.0,1456708,1486659787
1486658294,219612043,967654.0,1456708,1486659787
1486659602,219620557,10146007.0,1456708,1486659787
1486658656,219616754,1003853655.0,1456708,1486659787
1486658336,219610309,1866229.0,1456708,1486659787
1486657873,219609364,550000.0,1456708,1486659787
1486659306,219617861,606200.0,1456708,1486659787
1486658154,219609938,12377499.0,1456708,1486659787
1486657572,219610733,2627961.0,1456708,1486659787
1486658058,219613542,3286435.0,1456708,1486659787
1486658731,219618910,10528563.0,1456708,1486659787
1486658700,219616821,216967264.0,1456708,1486659787
1486659243,219617708,10638132.0,1456708,1486659787
1486659662,219621060,499967300.0,1456708,1486659787
1486658785,219615185,697552.0,1456708,1486659787
1486658974,219619320,59197039.0,1456708,1486659787
1486658579,219612533,463419220.0,1456708,1486659787
1486658632,219618729,99368515.0,1456708,1486659787
1486658689,219618831,73256.0,1456708,1486659787
1486658646,219614935,39384251.0,1456708,1486659787
1486658731,219618911,186642988.0,1456708,1486659787
1486658138,219613728,4293871.0,1456708,1486659787
1486659504,219620387,317813.0,1456708,1486659787
1486659466,219618185,180921.0,1456708,1486659787
1486657788,219611117,11772873.0,1456708,1486659787
1486657939,219609486,7082280.0,1456708,1486659787
1486659630,219621006,707300.0,1456708,1486659787
1486657841,219613139,610577953.0,1456708,1486659787
1486657697,219609042,23289949.0,1456708,1486659787
1486657587,219610757,94900729.0,1456708,1486659787
1486658419,219614238,86171590.0,1456708,1486659787
1486659351,219617957,140162485.0,1456708,1486659787
1486658970,219619316,14364560.0,1456708,1486659787
1486657722,219609089,73306601.0,1456708,1486659787
1486657740,219611030,66776580.0,1456708,1486659787
1486657682,219612851,23351560.0,1456708,1486659787
1486658493,219612412,15417851.0,1456708,1486659787
1486658854,219619131,36891175.0,1456708,1486659787
1486657729,219609104,8035366.0,1456708,1486659787
1486659047,219617380,42992497.0,1456708,1486659787
1486657985,219609563,222976929.0,1456708,1486659787
1486659022,219619391,22152020.0,1456708,1486659787
1486658088,219611629,19477262.0,1456708,1486659787
1486657609,219608882,552200.0,1456708,1486659787
1486657666,219610909,904317.0,1456708,1486659787
1486659009,219619373,1594446.0,1456708,1486659787
1486658329,219614101,1065507.0,1456708,1486659787
1486659668,219622798,369732345.0,1456708,1486659787
1486657855,219611239,50248221.0,1456708,1486659787
1486658039,219609663,98253381.0,1456708,1486659787
1486658197,219611894,15552437.0,1456708,1486659787
1486659323,219616180,1264669320.0,1456708,1486659787
1486659351,219616259,1259876880.0,1456708,1486659787
1486657707,219612914,80007861.0,1456708,1486659787
1486658714,219616857,15011120.0,1456708,1486659787
1486658435,219614271,91639429.0,1456708,1486659787
1486658663,219614968,90488827.0,1456708,1486659787
1486659240,219619790,60573763.0,1456708,1486659787
1486658493,219614378,13647507.0,1456708,1486659787
1486658493,219614680,7531404.0,1456708,1486659787
1486657877,219613205,1015913120.0,1456708,1486659787
1486657902,219609415,610478524.0,1456708,1486659787
1486657963,219609524,610109239.0,1456708,1486659787
1486657992,219611460,609762611.0,1456708,1486659787
1486658075,219609745,609535741.0,1456708,1486659787
1486657671,219608996,37751560.0,1456708,1486659787
1486658593,219614554,75260120.0,1456708,1486659787
1486658615,219614883,193896400.0,1456708,1486659787
1486658292,219610205,608826297.0,1456708,1486659787
1486658133,219611748,120814435.0,1456708,1486659787
1486657746,219609135,106258083.0,1456708,1486659787
1486658119,219611704,1663208.0,1456708,1486659787
1486659778,219622982,907300.0,1456708,1486659787
1486659307,219616142,26860039.0,1456708,1486659787
1486659181,219615843,707285.0,1456708,1486659787
1486658381,219614176,3363217382.0,1456708,1486659787
1486657973,219609538,38461934.0,1456708,1486659787
1486659513,219618282,38727120.0,1456708,1486659787
1486659343,219617941,21638269.0,1456708,1486659787
1486657597,219610777,7851560.0,1456708,1486659787
1486659323,219616183,83191774.0,1456708,1486659787
1486659268,219616052,15049914.0,1456708,1486659787
1486658206,219613883,29016143.0,1456708,1486659787
1486658277,219610176,230036600.0,1456708,1486659787
1486657753,219609146,13494884.0,1456708,1486659787
1486658122,219611720,22175383.0,1456708,1486659787
1486658321,219612096,608295125.0,1456708,1486659787
1486658358,219612177,608035192.0,1456708,1486659787
1486658559,219614495,607915405.0,1456708,1486659787
1486658783,219615181,607797263.0,1456708,1486659787
1486658886,219615330,607517047.0,1456708,1486659787
1486658956,219617239,607447759.0,1456708,1486659787
1486659121,219619569,607249248.0,1456708,1486659787
1486659131,219615762,607095032.0,1456708,1486659787
1486659260,219616031,606925753.0,1456708,1486659787
1486659271,219617785,606822983.0,1456708,1486659787
1486659290,219619921,606680591.0,1456708,1486659787
1486659487,219618215,605438852.0,1456708,1486659787
1486659516,219618289,605308721.0,1456708,1486659787
1486659516,219616622,604603431.0,1456708,1486659787
1486659555,219620798,604487418.0,1456708,1486659787
1486659656,219618651,604409923.0,1456708,1486659787
1486659656,219621046,604053018.0,1456708,1486659787
1486659656,219618652,603873372.0,1456708,1486659787
1486657693,219612885,921850997.0,1456708,1486659787
1486659677,219621075,603247623.0,1456708,1486659787
1486658650,219616738,22306135.0,1456708,1486659787
1486658924,219619232,8671849.0,1456708,1486659787
1486658520,219614718,216960.0,1456708,1486659787
1486658283,219612012,59427.0,1456708,1486659787
1486659129,219615760,70549709.0,1456708,1486659787
1486659652,219620711,99967601.0,1456708,1486659787
1486658729,219618906,1765100.0,1456708,1486659787
1486658627,219618718,118768434.0,1456708,1486659787
1486657651,219608962,107816.0,1456708,1486659787
1486657755,219611060,14200.0,1456708,1486659787
1486657823,219611185,877231.0,1456708,1486659787
1486658432,219614267,34726916.0,1456708,1486659787
1486659690,219621095,4472544.0,1456708,1486659787
1486658038,219613490,25152620.0,1456708,1486659787
1486658339,219612137,421025580.0,1456708,1486659787
1486658231,219611947,90880270.0,1456708,1486659787
1486658526,219614443,72556451.0,1456708,1486659787
1486658645,219618754,49549288.0,1456708,1486659787
1486658661,219618786,46708148.0,1456708,1486659787
1486658707,219616833,41084018.0,1456708,1486659787
1486658725,219615070,39067687.0,1456708,1486659787
1486658761,219616935,21636213.0,1456708,1486659787
1486658879,219615322,16630243.0,1456708,1486659787
1486658895,219615349,15269876.0,1456708,1486659787
1486658907,219617168,58356010.0,1456708,1486659787
1486658917,219615385,35388311.0,1456708,1486659787
1486658926,219617196,33375363.0,1456708,1486659787
1486658939,219615425,30949055.0,1456708,1486659787
1486659132,219617526,28300615.0,1456708,1486659787
1486659132,219617527,26522071.0,1456708,1486659787
1486659190,219617616,24099871.0,1456708,1486659787
1486659205,219619718,15293000.0,1456708,1486659787
1486659306,219619964,62076157.0,1456708,1486659787
1486659330,219620026,39165985.0,1456708,1486659787
1486657597,219612677,150000.0,1456708,1486659787
1486659700,219621113,80851212.0,1456708,1486659787
1486659740,219624964,192500.0,1456708,1486659787
1486657801,219609223,20427866.0,1456708,1486659787
1486659006,219619365,30836593.0,1456708,1486659787
1486659473,219616527,54349910.0,1456708,1486659787
1486657704,219610972,1022000.0,1456708,1486659787
1486659583,219620518,99967744.0,1456708,1486659787
1486658623,219614897,66168735.0,1456708,1486659787
1486658533,219614454,64724803.0,1456708,1486659787
1486659717,219621143,99967601.0,1456708,1486659787
1486659474,219620309,99967601.0,1456708,1486659787
1486658603,219616672,6773117.0,1456708,1486659787
1486658183,219613834,29514527.0,1456708,1486659787
1486659213,219619732,82915592.0,1456708,1486659787
1486659549,219620778,99967888.0,1456708,1486659787
1486659309,219617867,27764745.0,1456708,1486659787
1486657649,219610884,170000.0,1456708,1486659787
1486659537,219618328,228707940.0,1456708,1486659787
1486658700,219616822,5472664.0,1456708,1486659787
1486659527,219620436,196598457.0,1456708,1486659787
1486659400,219616356,4542164.0,1456708,1486659787
1486658298,219614049,680000.0,1456708,1486659787
1486657830,219611195,30000.0,1456708,1486659787
1486659222,219617666,334500.0,1456708,1486659787
1486657970,219613375,104591.0,1456708,1486659787
1486659170,219617585,19175415658.0,1456708,1486659787
1486659040,219619439,10019317454.0,1456708,1486659787
1486658797,219619027,20189033154.0,1456708,1486659787
1486658965,219617256,10130526085.0,1456708,1486659787
1486659131,219619581,10190589217.0,1456708,1486659787
1486659479,219616535,1783369.0,1456708,1486659787
1486659685,219622825,1747800.0,1456708,1486659787
1486657742,219611035,980000.0,1456708,1486659787
1486659694,219622841,997630400.0,1456708,1486659787
1486658831,219615253,27584435.0,1456708,1486659787
1486657610,219608885,323909823.0,1456708,1486659787
1486659603,219618494,902356.0,1456708,1486659787
1486657853,219613158,30000.0,1456708,1486659787
1486659602,219620912,5498706586.0,1456708,1486659787
1486658548,219614784,310124058.0,1456708,1486659787
1486658718,219615061,95000.0,1456708,1486659787
1486658584,219612537,104058.0,1456708,1486659787
1486659574,219620836,998000.0,1456708,1486659787
1486658957,219619302,53087354.0,1456708,1486659787
