1486660850,219624780,1388148442.0,1458286,1486660850
1486660550,219626284,54263470.0,1458286,1486660850
1486660568,219626313,246228122.0,1458286,1486660850
1486660573,219626323,355591.0,1458286,1486660850
1486660567,219622551,46866502.0,1458286,1486660850
1486660758,219626970,21741012.0,1458286,1486660850
1486660686,219622748,58412366.0,1458286,1486660850
1486660508,219626215,505821465.0,1458286,1486660850
1486660537,219626262,5068000.0,1458286,1486660850
1486660781,219627023,6207466548.0,1458286,1486660850
1486653017,219583892,4600800.0,1458286,1486660850
1486660730,219626924,426636.0,1458286,1486660850
1486660700,219624523,1975474.0,1458286,1486660850
1486656211,219601943,33640096.0,1458286,1486660850
1486660645,219622697,6873300.0,1458286,1486660850
1486660540,219626271,7526250.0,1458286,1486660850
1486660837,219626802,1036004670.0,1458286,1486660850
1486660601,219626377,11154662.0,1458286,1486660850
1486660709,219624533,2523082.0,1458286,1486660850
1486660845,219624743,13000553.0,1458286,1486660850
1486660571,219624318,55013347.0,1458286,1486660850
1486660625,219624414,2129474.0,1458286,1486660850
1486660714,219626576,9119000.0,1458286,1486660850
1486657710,219609068,74884409.0,1458286,1486660850
1486657764,219609168,50900000.0,1458286,1486660850
1486660494,219622394,6816700.0,1458286,1486660850
1486660486,219626182,1110000.0,1458286,1486660850
1486660605,219624371,3250000.0,1458286,1486660850
1486660849,219627161,21234901.0,1458286,1486660850
1486660770,219624637,15650259.0,1458286,1486660850
1486660801,219626728,1508990571.0,1458286,1486660850
1486660608,219624376,1944583.0,1458286,1486660850
1486660635,219624431,231695340.0,1458286,1486660850
1486660629,219622674,7913513034.0,1458286,1486660850
1486660690,219624513,4946118980.0,1458286,1486660850
1486660813,219627082,836355956.0,1458286,1486660850
1486660646,219624450,156031251.0,1458286,1486660850
1486660631,219622678,465144097.0,1458286,1486660850
1486660623,219622663,8226539538.0,1458286,1486660850
1486660550,219624275,159607578.0,1458286,1486660850
1486660578,219626334,15089381.0,1458286,1486660850
1486660719,219624553,59746815.0,1458286,1486660850
1486660734,219624577,1672113.0,1458286,1486660850
1486660529,219622466,649180000.0,1458286,1486660850
1486660678,219624494,1648770.0,1458286,1486660850
1486660619,219622659,814920000.0,1458286,1486660850
1486660569,219624316,1513553000.0,1458286,1486660850
1486660535,219624253,83380883.0,1458286,1486660850
1486660529,219624243,599950000.0,1458286,1486660850
1486660711,219624543,774954000.0,1458286,1486660850
1486660618,219624401,62700000.0,1458286,1486660850
1486660828,219627119,1504362000.0,1458286,1486660850
1486660529,219624242,6081190000.0,1458286,1486660850
1486660810,219626743,11278336.0,1458286,1486660850
1486660490,219626190,18517487.0,1458286,1486660850
1486660779,219626701,6318425.0,1458286,1486660850
1486660609,219622635,16628425.0,1458286,1486660850
1486660763,219626980,25656617.0,1458286,1486660850
1486660513,219626225,45193055.0,1458286,1486660850
1486660593,219624353,7556791288.0,1458286,1486660850
1486660581,219626341,9928196.0,1458286,1486660850
1486660669,219624482,9999922500.0,1458286,1486660850
1486660624,219626431,76206600.0,1458286,1486660850
1486660565,219626310,3831554.0,1458286,1486660850
1486660664,219626500,3877954.0,1458286,1486660850
1486660721,219624557,1863354.0,1458286,1486660850
1486660696,219622769,7605954.0,1458286,1486660850
1486660517,219622439,3877754.0,1458286,1486660850
1486660593,219624352,216500601.0,1458286,1486660850
1486660652,219622716,100000.0,1458286,1486660850
1486660671,219622732,8045402483.0,1458286,1486660850
1486660685,219626521,292844358.0,1458286,1486660850
1486660566,219622541,387819947.0,1458286,1486660850
1486660809,219627073,143638514.0,1458286,1486660850
1486660643,219626464,16199269.0,1458286,1486660850
1486660634,219626448,25195200.0,1458286,1486660850
1486660623,219624409,1973307.0,1458286,1486660850
1486660633,219622684,15186550.0,1458286,1486660850
1486660634,219622686,23115645.0,1458286,1486660850
1486660716,219626901,5920596.0,1458286,1486660850
1486660542,219622481,10292016.0,1458286,1486660850
1486660608,219622629,18720008.0,1458286,1486660850
1486660736,219626933,26095721.0,1458286,1486660850
1486660529,219624241,144262204.0,1458286,1486660850
1486660816,219627090,19085977.0,1458286,1486660850
1486660633,219626445,14490098.0,1458286,1486660850
1486660634,219622685,17480888.0,1458286,1486660850
1486660641,219626460,100000.0,1458286,1486660850
1486660847,219624749,12430528.0,1458286,1486660850
1486660728,219626602,8834363.0,1458286,1486660850
1486660579,219622570,8705854.0,1458286,1486660850
1486660616,219622653,6238246.0,1458286,1486660850
1486660810,219627076,1362469679.0,1458286,1486660850
1486660744,219624594,24696350.0,1458286,1486660850
1486660809,219626738,15556424.0,1458286,1486660850
1486660787,219624670,15556424.0,1458286,1486660850
1486660547,219622488,17566424.0,1458286,1486660850
1486660730,219626926,20586424.0,1458286,1486660850
1486660835,219627134,11096424.0,1458286,1486660850
1486660743,219626943,146791622.0,1458286,1486660850
1486660768,219626673,8334424.0,1458286,1486660850
1486660739,219626935,20916424.0,1458286,1486660850
1486660664,219622726,609800.0,1458286,1486660850
1486660501,219624181,2189134.0,1458286,1486660850
1486660533,219626253,53818359.0,1458286,1486660850
1486660533,219624247,6554913.0,1458286,1486660850
1486660798,219624690,4950000.0,1458286,1486660850
1486660536,219622461,8573428.0,1458286,1486660850
1486660535,219626256,9928788.0,1458286,1486660850
1486660749,219624604,50000.0,1458286,1486660850
1486660540,219626273,14977653.0,1458286,1486660850
1486660535,219626255,4834175.0,1458286,1486660850
1486660540,219626272,19988897.0,1458286,1486660850
1486660536,219624256,9861749.0,1458286,1486660850
1486660539,219624262,33552513.0,1458286,1486660850
1486660536,219622462,9928697.0,1458286,1486660850
1486660540,219622474,4831236.0,1458286,1486660850
1486660813,219626749,1672653.0,1458286,1486660850
1486660837,219627139,5233515.0,1458286,1486660850
1486660535,219624250,73333173.0,1458286,1486660850
1486660537,219622465,25428714.0,1458286,1486660850
1486660539,219622472,22381433.0,1458286,1486660850
1486660535,219626257,85953835.0,1458286,1486660850
1486660537,219622464,4176642.0,1458286,1486660850
1486660496,219626197,8548259.0,1458286,1486660850
1486660538,219624261,23889913.0,1458286,1486660850
1486660539,219622469,790989.0,1458286,1486660850
1486660739,219626938,1181576.0,1458286,1486660850
1486660214,219621971,1646250.0,1458286,1486660850
1486660596,219626366,121065.0,1458286,1486660850
1486660506,219626209,660000.0,1458286,1486660850
1486660493,219626192,90000.0,1458286,1486660850
1486660565,219626308,100000.0,1458286,1486660850
1486660557,219624287,310000.0,1458286,1486660850
1486660827,219624724,750000.0,1458286,1486660850
1486660633,219624429,50000.0,1458286,1486660850
1486660490,219622385,50000.0,1458286,1486660850
1486660717,219626583,50000.0,1458286,1486660850
1486660703,219624526,50000.0,1458286,1486660850
1486660812,219626745,86762438.0,1458286,1486660850
1486660573,219622562,40517310.0,1458286,1486660850
1486660687,219622750,140163616.0,1458286,1486660850
1486660807,219624699,86598069.0,1458286,1486660850
1486660829,219626783,115914900.0,1458286,1486660850
1486656052,219599717,95318832.0,1458286,1486660850
1486660841,219624738,40000000.0,1458286,1486660850
1486660569,219626314,979697.0,1458286,1486660850
1486660579,219624325,5279755755.0,1458286,1486660850
1486660831,219627126,486000.0,1458286,1486660850
1486660625,219622667,81572078.0,1458286,1486660850
1486660509,219624200,176467229.0,1458286,1486660850
1486660566,219622538,456697.0,1458286,1486660850
1486660591,219624351,1010000.0,1458286,1486660850
1486660668,219624480,1886720000.0,1458286,1486660850
1486660691,219626533,1884680000.0,1458286,1486660850
1486660820,219627106,1960000.0,1458286,1486660850
1486654979,219593582,41835629.0,1458286,1486660850
1486660595,219624358,484125483.0,1458286,1486660850
1486660730,219624572,9112156.0,1458286,1486660850
1486660818,219627096,203688794.0,1458286,1486660850
1486660826,219624720,91385612.0,1458286,1486660850
1486660846,219624747,659424666.0,1458286,1486660850
1486660494,219622395,12271500.0,1458286,1486660850
1486660818,219626765,6453916.0,1458286,1486660850
1486660747,219626630,510000.0,1458286,1486660850
1486660767,219624634,767619.0,1458286,1486660850
1486660831,219627124,2191783.0,1458286,1486660850
1486655578,219596921,10000984.0,1458286,1486660850
1486660541,219626275,9458951.0,1458286,1486660850
1486660781,219626705,90000.0,1458286,1486660850
1486660839,219627140,14394951.0,1458286,1486660850
1486660500,219626199,770000.0,1458286,1486660850
1486660792,219624679,605300.0,1458286,1486660850
1486660515,219624227,9318090.0,1458286,1486660850
1486660650,219622713,510000.0,1458286,1486660850
1486660606,219626390,1127770109.0,1458286,1486660850
1486660486,219626185,305061243.0,1458286,1486660850
1486660672,219624486,1281531595.0,1458286,1486660850
1486660486,219624160,322398410.0,1458286,1486660850
1486656024,219601515,10214930.0,1458286,1486660850
1486654009,219585772,5152610.0,1458286,1486660850
1486660553,219624283,49589242.0,1458286,1486660850
1486660813,219624707,23398776.0,1458286,1486660850
1486660811,219627077,3007930.0,1458286,1486660850
1486660506,219624192,4008416.0,1458286,1486660850
1486660608,219624377,12364893.0,1458286,1486660850
1486660566,219622542,3637953.0,1458286,1486660850
1486660836,219624735,7306996.0,1458286,1486660850
1486660713,219626892,605300.0,1458286,1486660850
1486660810,219627075,4463065.0,1458286,1486660850
1486660575,219626326,100000.0,1458286,1486660850
1486660726,219626918,3271312.0,1458286,1486660850
1486660624,219626429,200000.0,1458286,1486660850
1486650469,219568383,24918605.0,1458286,1486660850
1486660653,219626482,68247005.0,1458286,1486660850
1486660759,219626662,300000.0,1458286,1486660850
1486660794,219627044,11098.0,1458286,1486660850
1486660730,219626608,250000.0,1458286,1486660850
1486660557,219622511,10000.0,1458286,1486660850
1486660641,219622693,593200.0,1458286,1486660850
1486660509,219622424,30149.0,1458286,1486660850
1486660607,219626391,20000.0,1458286,1486660850
1486660721,219626587,12107.0,1458286,1486660850
1486660767,219626986,37000.0,1458286,1486660850
1486660557,219626296,1848600.0,1458286,1486660850
1486660589,219624350,4647308.0,1458286,1486660850
1486660661,219626495,12107.0,1458286,1486660850
1486660557,219622513,4642954.0,1458286,1486660850
1486660604,219626381,9512604.0,1458286,1486660850
1486660613,219624388,13630207.0,1458286,1486660850
1486660606,219622627,6583427.0,1458286,1486660850
1486660609,219622636,3601400.0,1458286,1486660850
1486660667,219624476,1181317.0,1458286,1486660850
1486660609,219626396,13481066.0,1458286,1486660850
1486660563,219622533,13105201.0,1458286,1486660850
1486660612,219622646,11052860.0,1458286,1486660850
1486660616,219626412,5861322.0,1458286,1486660850
1486660561,219624298,13095151.0,1458286,1486660850
1486660615,219626409,1561199.0,1458286,1486660850
1486660613,219622647,14231149.0,1458286,1486660850
1486660661,219626496,3714160.0,1458286,1486660850
1486660804,219627062,2592306.0,1458286,1486660850
1486660771,219627000,393038113.0,1458286,1486660850
1486660630,219622676,5462401.0,1458286,1486660850
1486660613,219622648,8836782.0,1458286,1486660850
1486660783,219626708,1221272.0,1458286,1486660850
1486660850,219624781,4368200.0,1458286,1486660850
1486660581,219626343,4056116.0,1458286,1486660850
1486660563,219624303,5132200.0,1458286,1486660850
1486660592,219626363,1933840.0,1458286,1486660850
1486660643,219626465,2592300.0,1458286,1486660850
1486660766,219624631,15161440.0,1458286,1486660850
1486660506,219622414,120544.0,1458286,1486660850
1486660717,219624551,46928666.0,1458286,1486660850
1486660845,219627152,4805532.0,1458286,1486660850
1486660753,219626645,1219122.0,1458286,1486660850
1486660567,219622553,114436555.0,1458286,1486660850
1486660606,219624373,10137396.0,1458286,1486660850
1486660600,219622611,157874447.0,1458286,1486660850
1486660672,219624484,51805114.0,1458286,1486660850
1486660650,219626477,6809905.0,1458286,1486660850
1486660655,219626489,130340819.0,1458286,1486660850
1486660750,219626641,5569200.0,1458286,1486660850
1486660679,219624495,7162012.0,1458286,1486660850
1486660719,219626903,1422903.0,1458286,1486660850
1486660738,219626619,2063840.0,1458286,1486660850
1486660767,219624632,1210506.0,1458286,1486660850
1486660783,219624664,2101000.0,1458286,1486660850
1486660845,219627153,1262340.0,1458286,1486660850
1486660826,219626773,6028871.0,1458286,1486660850
1486660770,219626998,5582200.0,1458286,1486660850
1486660653,219622719,292697464.0,1458286,1486660850
1486660829,219627121,719000.0,1458286,1486660850
1486660557,219622512,10214792.0,1458286,1486660850
1486660492,219622390,20517448.0,1458286,1486660850
1486660511,219624205,15828444.0,1458286,1486660850
1486660490,219622386,2792344.0,1458286,1486660850
1486660557,219624288,4643814.0,1458286,1486660850
1486660502,219624188,10243120.0,1458286,1486660850
1486660506,219626210,5595350.0,1458286,1486660850
1486660559,219622517,14871611.0,1458286,1486660850
1486660559,219626297,18568985.0,1458286,1486660850
1486660746,219626951,820000.0,1458286,1486660850
1486655738,219599082,2975690.0,1458286,1486660850
1486660506,219622413,2784597.0,1458286,1486660850
1486660635,219626453,413600.0,1458286,1486660850
1486660613,219626404,900000.0,1458286,1486660850
1486660558,219624290,3710881.0,1458286,1486660850
1486660582,219626344,3470305.0,1458286,1486660850
1486660507,219626214,321800.0,1458286,1486660850
1486660506,219626208,4649061.0,1458286,1486660850
1486660767,219624633,550000.0,1458286,1486660850
1486660557,219624289,32000.0,1458286,1486660850
1486660836,219626799,2158560.0,1458286,1486660850
1486660622,219626424,37318560.0,1458286,1486660850
1486660582,219624335,5431200.0,1458286,1486660850
1486660649,219626474,20125140.0,1458286,1486660850
1486660679,219624496,2441847.0,1458286,1486660850
1486660579,219626336,13593469.0,1458286,1486660850
1486660600,219626372,190937010.0,1458286,1486660850
1486660812,219626747,5941929.0,1458286,1486660850
1486660597,219626367,64502142.0,1458286,1486660850
1486660848,219627158,54536480.0,1458286,1486660850
1486660779,219626702,5963840.0,1458286,1486660850
1486660775,219626691,5963840.0,1458286,1486660850
1486660628,219622673,9871136.0,1458286,1486660850
1486660616,219626411,2542276.0,1458286,1486660850
1486660769,219626996,1883840.0,1458286,1486660850
1486660608,219622633,6740794.0,1458286,1486660850
1486660796,219624687,5964160.0,1458286,1486660850
1486660700,219622780,385413035.0,1458286,1486660850
1486660714,219626895,20131166.0,1458286,1486660850
1486660839,219626803,1259960.0,1458286,1486660850
1486660651,219622715,103543204.0,1458286,1486660850
1486660746,219624598,2871776.0,1458286,1486660850
1486660609,219622637,12012736.0,1458286,1486660850
1486660648,219626473,5526850.0,1458286,1486660850
1486660805,219624695,4601125.0,1458286,1486660850
1486660674,219624491,14893840.0,1458286,1486660850
1486660600,219624366,1476682.0,1458286,1486660850
1486660852,219626822,3964160.0,1458286,1486660850
1486660624,219626430,1063840.0,1458286,1486660850
1486660708,219626567,1196209.0,1458286,1486660850
1486660766,219626984,4351241.0,1458286,1486660850
1486660617,219626416,1021009.0,1458286,1486660850
1486660586,219622584,1441187.0,1458286,1486660850
1486660652,219626478,10063840.0,1458286,1486660850
1486660842,219624740,1457432.0,1458286,1486660850
1486660613,219624389,18059840.0,1458286,1486660850
1486660567,219624310,5395900.0,1458286,1486660850
1486660747,219624602,1947454.0,1458286,1486660850
1486660583,219622578,9629034.0,1458286,1486660850
1486660639,219624432,1139295.0,1458286,1486660850
1486660749,219626637,1963840.0,1458286,1486660850
1486660695,219624520,9963840.0,1458286,1486660850
1486660763,219626977,23672100.0,1458286,1486660850
1486660862,219624777,6287184.0,1458286,1486660850
1486660496,219624171,2785336.0,1458286,1486660850
1486660779,219624654,3721579.0,1458286,1486660850
1486660817,219627094,2854474.0,1458286,1486660850
1486660639,219622688,3101936.0,1458286,1486660850
1486660727,219626601,2309055.0,1458286,1486660850
1486660826,219624722,4155866.0,1458286,1486660850
1486660779,219624655,8604470.0,1458286,1486660850
1486660778,219626699,1613236134.0,1458286,1486660850
1486660751,219624606,1921391213.0,1458286,1486660850
1486660542,219622480,856169077.0,1458286,1486660850
1486660726,219626917,1205130819.0,1458286,1486660850
1486660818,219627098,46192074.0,1458286,1486660850
1486660722,219626590,942728.0,1458286,1486660850
1486660537,219626263,4196508.0,1458286,1486660850
1486660561,219622523,14740576.0,1458286,1486660850
1486660767,219626987,2015692.0,1458286,1486660850
1486660763,219624628,204545.0,1458286,1486660850
1486660826,219626774,7427144.0,1458286,1486660850
1486644841,219535827,10000000.0,1458286,1486660850
1486660494,219626193,3649682.0,1458286,1486660850
1486660587,219626353,11038746.0,1458286,1486660850
1486660506,219622417,23910000.0,1458286,1486660850
1486660510,219622425,8290000.0,1458286,1486660850
1486660520,219626240,3820000.0,1458286,1486660850
1486660817,219627095,205920.0,1458286,1486660850
1486660848,219627159,955866895.0,1458286,1486660850
1486660524,219624236,53727496.0,1458286,1486660850
1486660743,219624590,972842704.0,1458286,1486660850
1486660828,219627118,2164025.0,1458286,1486660850
1486660727,219626600,2390682.0,1458286,1486660850
1486660573,219624319,1064477.0,1458286,1486660850
1486660852,219627164,1442803488.0,1458286,1486660850
1486660510,219626220,104300597.0,1458286,1486660850
1486660584,219626346,622144012.0,1458286,1486660850
1486660586,219622583,847188013.0,1458286,1486660850
1486660630,219624423,184239775.0,1458286,1486660850
1486660722,219626591,885390627.0,1458286,1486660850
1486660641,219626463,3260972.0,1458286,1486660850
1486660691,219624515,1365201229.0,1458286,1486660850
1486660579,219624328,187984876.0,1458286,1486660850
1486660762,219624624,1084317499.0,1458286,1486660850
1486660582,219622577,491160639.0,1458286,1486660850
1486660506,219622416,13571440.0,1458286,1486660850
1486660702,219622781,538451.0,1458286,1486660850
1486660773,219627004,1023227956.0,1458286,1486660850
1486660595,219622601,51163297.0,1458286,1486660850
1486660604,219626382,1129121.0,1458286,1486660850
1486660709,219626569,1369877611.0,1458286,1486660850
1486660845,219627151,311476.0,1458286,1486660850
1486660556,219622507,411546480.0,1458286,1486660850
1486660794,219626717,403679260.0,1458286,1486660850
1486660831,219627127,5464906.0,1458286,1486660850
1486660809,219626739,1078664422.0,1458286,1486660850
1486660711,219624541,48191346.0,1458286,1486660850
1486660675,219624492,13148113.0,1458286,1486660850
1486660741,219626622,99940140.0,1458286,1486660850
1486660845,219627150,4871944.0,1458286,1486660850
1486660826,219624721,107020776.0,1458286,1486660850
1486660605,219626386,155803886.0,1458286,1486660850
1486660830,219627123,10324305.0,1458286,1486660850
1486660791,219624677,9729348.0,1458286,1486660850
1486660597,219626369,594526483.0,1458286,1486660850
1486660607,219626392,6516389.0,1458286,1486660850
1486660644,219624444,12958.0,1458286,1486660850
1486660794,219626718,499967300.0,1458286,1486660850
1486660788,219624671,50821543.0,1458286,1486660850
1486660862,219626853,80823444.0,1458286,1486660850
1486660829,219626782,81989676.0,1458286,1486660850
1486660716,219626581,27678476.0,1458286,1486660850
1486660514,219622434,25314320.0,1458286,1486660850
1486660699,219626554,100695669.0,1458286,1486660850
1486660705,219626563,29201560.0,1458286,1486660850
1486660642,219624439,12299855.0,1458286,1486660850
1486660694,219622764,32478514.0,1458286,1486660850
1486660799,219626725,503492.0,1458286,1486660850
1486660810,219626744,221071833.0,1458286,1486660850
1486660538,219624260,250579645.0,1458286,1486660850
1486660840,219627142,19148365.0,1458286,1486660850
1486660534,219626254,11922263.0,1458286,1486660850
1486660618,219622658,1259947954.0,1458286,1486660850
1486660643,219624441,2.0999996794e+11,1458286,1486660850
1486660549,219624273,8272472.0,1458286,1486660850
1486660664,219624473,179979477.0,1458286,1486660850
1486660714,219626897,203129.0,1458286,1486660850
1486660635,219626454,80911717.0,1458286,1486660850
1486660521,219626259,96216882664.0,1458286,1486660850
1486660806,219627066,204853.0,1458286,1486660850
1486660800,219624691,16442054.0,1458286,1486660850
1486660745,219624595,1177186083.0,1458286,1486660850
1486660753,219626644,15758547.0,1458286,1486660850
1486660809,219626737,6362211940.0,1458286,1486660850
1486660817,219627093,1175302545.0,1458286,1486660850
1486660747,219626954,1156374.0,1458286,1486660850
1486660694,219624519,5901016.0,1458286,1486660850
1486650042,219565351,3105317215.0,1458286,1486660850
1486660686,219624503,47356944.0,1458286,1486660850
1486660807,219624698,8229510.0,1458286,1486660850
1486660695,219622768,30696029.0,1458286,1486660850
1486660743,219624592,3403706.0,1458286,1486660850
1486660668,219624477,98258497.0,1458286,1486660850
1486660565,219624306,2108021.0,1458286,1486660850
1486660758,219624619,9039175.0,1458286,1486660850
1486660747,219626629,8001865.0,1458286,1486660850
1486660733,219624576,8000274.0,1458286,1486660850
1486660703,219624525,6478611.0,1458286,1486660850
1486660794,219624685,968867.0,1458286,1486660850
1486660803,219626729,8608868.0,1458286,1486660850
1486660713,219624546,276754650.0,1458286,1486660850
1486660711,219624539,494734.0,1458286,1486660850
1486660697,219622776,6702800.0,1458286,1486660850
1486660668,219626504,5855537.0,1458286,1486660850
1486660625,219624412,2952938.0,1458286,1486660850
1486660560,219624297,10455875362.0,1458286,1486660850
1486660558,219622514,3215938309.0,1458286,1486660850
1486660712,219622792,76798710.0,1458286,1486660850
1486660655,219624464,152723168.0,1458286,1486660850
1486660862,219624778,182102270.0,1458286,1486660850
1486660694,219626540,158968930.0,1458286,1486660850
1486660641,219624436,2122625.0,1458286,1486660850
1486660753,219624608,6240422.0,1458286,1486660850
1486660833,219627130,2683214.0,1458286,1486660850
1486660540,219626274,2352859.0,1458286,1486660850
1486660548,219622489,2733393.0,1458286,1486660850
1486660564,219626305,2740963.0,1458286,1486660850
1486660490,219624165,2096448.0,1458286,1486660850
1486660579,219624327,17312051.0,1458286,1486660850
1486660835,219626793,2483648.0,1458286,1486660850
1486660494,219622393,19915844.0,1458286,1486660850
1486660756,219626653,11147259.0,1458286,1486660850
1486660646,219624448,2326987.0,1458286,1486660850
1486660695,219626542,1666493.0,1458286,1486660850
1486660695,219622766,173535516.0,1458286,1486660850
1486660657,219626491,76274770.0,1458286,1486660850
1486660682,219626519,134608769.0,1458286,1486660850
1486660774,219627008,4710072.0,1458286,1486660850
1486660835,219624734,14002122.0,1458286,1486660850
1486660590,219626357,2920478.0,1458286,1486660850
1486660576,219626330,2807625.0,1458286,1486660850
1486660788,219627040,9039313.0,1458286,1486660850
1486660842,219627146,9643399.0,1458286,1486660850
1486660799,219627052,9088860.0,1458286,1486660850
1486660816,219626757,468867.0,1458286,1486660850
1486660842,219626808,1118176.0,1458286,1486660850
1486660606,219624375,2952651.0,1458286,1486660850
1486660693,219622762,3030669.0,1458286,1486660850
1486660846,219626815,2067676.0,1458286,1486660850
1486660586,219626352,6063395.0,1458286,1486660850
1486660646,219626472,1531440.0,1458286,1486660850
1486660756,219626655,52666535.0,1458286,1486660850
1486660842,219626806,399587201.0,1458286,1486660850
1486660720,219626585,6860273.0,1458286,1486660850
1486660835,219626791,1486188171.0,1458286,1486660850
1486660571,219626321,40109620.0,1458286,1486660850
1486660720,219626906,98808016.0,1458286,1486660850
1486660555,219624286,47536795.0,1458286,1486660850
1486660697,219622774,12087340.0,1458286,1486660850
1486660540,219622475,11409507317.0,1458286,1486660850
1486660585,219624338,153738001.0,1458286,1486660850
1486660743,219624591,77436017.0,1458286,1486660850
1486660520,219624231,99968872.0,1458286,1486660850
1486660519,219626235,1141243874.0,1458286,1486660850
1486660566,219622539,2480390.0,1458286,1486660850
1486660604,219622622,21128829.0,1458286,1486660850
1486660689,219622754,12356897.0,1458286,1486660850
1486660828,219624726,177759492.0,1458286,1486660850
1486660691,219626531,38187402.0,1458286,1486660850
1486660668,219626505,10347226536.0,1458286,1486660850
1486660689,219624508,608952.0,1458286,1486660850
1486660846,219624744,563309.0,1458286,1486660850
1486660652,219626480,603452815.0,1458286,1486660850
1486660778,219627016,15032043.0,1458286,1486660850
1486660668,219622728,29999908489.0,1458286,1486660850
1486660650,219622714,11599757386.0,1458286,1486660850
1486660803,219627057,168867.0,1458286,1486660850
1486660604,219622623,3054334119.0,1458286,1486660850
1486660634,219626450,686978233.0,1458286,1486660850
1486660496,219622397,158874837.0,1458286,1486660850
1486660599,219624365,555020.0,1458286,1486660850
1486660834,219626790,17087600.0,1458286,1486660850
1486660528,219622453,10974860.0,1458286,1486660850
1486660593,219622598,413500.0,1458286,1486660850
1486660807,219626736,6624500.0,1458286,1486660850
1486660507,219626212,1403190.0,1458286,1486660850
1486660495,219622396,405334065.0,1458286,1486660850
1486660651,219624461,33477250.0,1458286,1486660850
1486660669,219626507,9800020.0,1458286,1486660850
1486660763,219626979,36063540.0,1458286,1486660850
1486660732,219626613,574600.0,1458286,1486660850
1486660770,219626677,13368072.0,1458286,1486660850
1486660634,219626447,555020.0,1458286,1486660850
1486660618,219624400,288500.0,1458286,1486660850
1486660645,219624445,25132380.0,1458286,1486660850
1486660609,219624381,6708800.0,1458286,1486660850
1486660507,219622419,164165709.0,1458286,1486660850
1486660510,219622427,2624144580.0,1458286,1486660850
1486657804,219611146,51644540.0,1458286,1486660850
1486658253,219611979,885669480.0,1458286,1486660850
1486657890,219611299,173777370.0,1458286,1486660850
1486658232,219611948,24152136.0,1458286,1486660850
1486657730,219611021,64872120.0,1458286,1486660850
1486657639,219610866,56121384.0,1458286,1486660850
1486658910,219617176,411614466.0,1458286,1486660850
1486660568,219622556,844870.0,1458286,1486660850
1486659907,219625234,17975140.0,1458286,1486660850
1486659857,219621364,275515209.0,1458286,1486660850
1486657709,219612920,259075400.0,1458286,1486660850
1486658829,219615247,555020.0,1458286,1486660850
1486658587,219614546,11088440.0,1458286,1486660850
1486659646,219621031,3877800.0,1458286,1486660850
1486660194,219621935,50540531.0,1458286,1486660850
1486660448,219622327,15828983.0,1458286,1486660850
1486657891,219613227,555020.0,1458286,1486660850
1486658377,219612204,51932440.0,1458286,1486660850
1486658444,219612327,19216820.0,1458286,1486660850
1486658055,219609707,135201748.0,1458286,1486660850
1486659394,219616344,2251598.0,1458286,1486660850
1486660453,219622335,100743489.0,1458286,1486660850
1486659210,219615908,202901523.0,1458286,1486660850
1486660546,219626281,20959116.0,1458286,1486660850
1486659419,219618077,22155662.0,1458286,1486660850
1486658615,219614884,2730520.0,1458286,1486660850
1486659028,219619411,695583.0,1458286,1486660850
1486659681,219622819,16191420.0,1458286,1486660850
1486658389,219612220,118483700.0,1458286,1486660850
1486657797,219611130,137936624.0,1458286,1486660850
1486657705,219612911,774340.0,1458286,1486660850
1486657934,219609480,506757234.0,1458286,1486660850
1486660234,219621997,206162357.0,1458286,1486660850
1486660153,219623587,317890586.0,1458286,1486660850
1486658999,219619356,13084340.0,1458286,1486660850
1486659755,219621222,51666160.0,1458286,1486660850
1486658041,219611536,69644441.0,1458286,1486660850
1486658051,219613522,68920061.0,1458286,1486660850
1486658055,219613534,68566781.0,1458286,1486660850
1486659656,219620719,14783480.0,1458286,1486660850
1486657664,219612824,14959940.0,1458286,1486660850
1486657668,219612829,1955020.0,1458286,1486660850
1486659706,219624903,92692707.0,1458286,1486660850
1486660306,219625881,3631316777.0,1458286,1486660850
1486658141,219609907,469770234.0,1458286,1486660850
1486659908,219621450,458015254.0,1458286,1486660850
1486659412,219616379,5983990.0,1458286,1486660850
1486660510,219622428,5037150.0,1458286,1486660850
1486657734,219609111,4974520.0,1458286,1486660850
1486659901,219625222,1000920.0,1458286,1486660850
1486658056,219613538,20062475.0,1458286,1486660850
1486659323,219616181,859083317.0,1458286,1486660850
1486658306,219614061,12190006.0,1458286,1486660850
1486660641,219626462,75718820.0,1458286,1486660850
1486660335,219622160,317635606.0,1458286,1486660850
1486659536,219618327,384260147.0,1458286,1486660850
1486659700,219624889,32796440.0,1458286,1486660850
1486657691,219612877,103499620.0,1458286,1486660850
1486660617,219622655,101995820.0,1458286,1486660850
1486660524,219622446,2674420.0,1458286,1486660850
1486660623,219626428,19823500.0,1458286,1486660850
1486658162,219609957,109657853.0,1458286,1486660850
1486658312,219614079,25120998.0,1458286,1486660850
1486660622,219624403,413500.0,1458286,1486660850
1486659676,219621074,754080.0,1458286,1486660850
1486659490,219620352,21757988.0,1458286,1486660850
1486658179,219613822,1714511.0,1458286,1486660850
1486660344,219625950,28896268.0,1458286,1486660850
1486658642,219614923,9987875.0,1458286,1486660850
1486657862,219609339,13917340.0,1458286,1486660850
1486660120,219625575,33256056.0,1458286,1486660850
1486658939,219617210,25333820.0,1458286,1486660850
1486658239,219610127,175825547.0,1458286,1486660850
1486658563,219614804,172307518.0,1458286,1486660850
1486658061,219611572,130312711.0,1458286,1486660850
1486657690,219610945,80717478.0,1458286,1486660850
1486659864,219623128,577478.0,1458286,1486660850
1486658554,219614485,147948582.0,1458286,1486660850
1486658977,219619330,1472783.0,1458286,1486660850
1486660603,219622621,555020.0,1458286,1486660850
1486660528,219626248,46324700.0,1458286,1486660850
1486657781,219609191,33705384.0,1458286,1486660850
1486658662,219616765,375891.0,1458286,1486660850
1486659735,219624957,7021031.0,1458286,1486660850
1486657837,219609296,16151440.0,1458286,1486660850
1486657812,219609253,2349255.0,1458286,1486660850
1486659577,219620845,16879931.0,1458286,1486660850
1486660536,219624257,67347880.0,1458286,1486660850
1486658946,219619276,13613500.0,1458286,1486660850
1486658310,219610248,95072631.0,1458286,1486660850
1486658930,219615403,90252651.0,1458286,1486660850
1486660632,219624426,75573671.0,1458286,1486660850
1486658337,219612135,218265084.0,1458286,1486660850
1486660735,219624578,2700280.0,1458286,1486660850
1486660388,219626030,237729400.0,1458286,1486660850
1486658024,219611499,49948202.0,1458286,1486660850
1486660669,219622729,488093960.0,1458286,1486660850
1486660229,219625749,90744342.0,1458286,1486660850
1486660337,219625933,90635223.0,1458286,1486660850
1486660386,219622240,90366243.0,1458286,1486660850
1486660450,219626124,19943717.0,1458286,1486660850
1486658742,219618930,20240016.0,1458286,1486660850
1486658760,219618957,1955020.0,1458286,1486660850
1486658062,219613547,66153601.0,1458286,1486660850
1486657813,219613097,86015171.0,1458286,1486660850
1486660211,219623687,2670528003.0,1458286,1486660850
1486660562,219622526,2669950818.0,1458286,1486660850
1486659742,219621187,130094134.0,1458286,1486660850
1486659674,219622811,491803800.0,1458286,1486660850
1486658811,219615224,555020.0,1458286,1486660850
1486660674,219626511,1821669740.0,1458286,1486660850
1486660422,219624034,80510498.0,1458286,1486660850
1486660457,219626138,33629354.0,1458286,1486660850
1486658820,219617028,140060.0,1458286,1486660850
1486658695,219616812,10715020.0,1458286,1486660850
1486657569,219612628,1177010440.0,1458286,1486660850
1486660153,219621879,270973800.0,1458286,1486660850
1486658807,219617014,413500.0,1458286,1486660850
1486660280,219622067,10094603.0,1458286,1486660850
1486660348,219623905,317534626.0,1458286,1486660850
1486660446,219624079,317463046.0,1458286,1486660850
1486660502,219622405,317027066.0,1458286,1486660850
1486660643,219624442,316945636.0,1458286,1486660850
1486660745,219626949,316862156.0,1458286,1486660850
1486658626,219618716,48682420.0,1458286,1486660850
1486658652,219618766,155020.0,1458286,1486660850
1486658315,219612081,160128930.0,1458286,1486660850
1486659018,219617332,159940200.0,1458286,1486660850
1486659907,219625232,196980.0,1458286,1486660850
1486658827,219617041,59923037.0,1458286,1486660850
1486659085,219617455,73939635.0,1458286,1486660850
1486659600,219620552,71899981.0,1458286,1486660850
1486660387,219623978,70759123.0,1458286,1486660850
1486659686,219624863,17981270.0,1458286,1486660850
1486659621,219620617,38260440.0,1458286,1486660850
1486659672,219621069,51292424.0,1458286,1486660850
1486659702,219621117,12455020.0,1458286,1486660850
1486657626,219608916,9185728.0,1458286,1486660850
1486659617,219618547,26185640.0,1458286,1486660850
1486657995,219611464,9955020.0,1458286,1486660850
1486660643,219624440,3201337607.0,1458286,1486660850
1486657605,219608877,36610337.0,1458286,1486660850
1486660657,219626492,35631273.0,1458286,1486660850
1486657914,219609444,35183701.0,1458286,1486660850
1486659535,219620752,18864090.0,1458286,1486660850
1486657763,219611069,919555740.0,1458286,1486660850
1486660546,219622487,51885763.0,1458286,1486660850
1486660551,219622491,51630783.0,1458286,1486660850
1486659487,219618212,196094740.0,1458286,1486660850
1486660627,219622671,413500.0,1458286,1486660850
1486659668,219618686,24636018.0,1458286,1486660850
1486660206,219625704,4029868.0,1458286,1486660850
1486660446,219622324,25209297.0,1458286,1486660850
1486658807,219615218,15999950000.0,1458286,1486660850
1486660348,219625958,169084502.0,1458286,1486660850
1486658038,219613493,399900000.0,1458286,1486660850
1486657611,219608887,199510000.0,1458286,1486660850
1486659724,219621157,22900000.0,1458286,1486660850
1486660050,219621673,3220200.0,1458286,1486660850
1486657774,219613029,60575920.0,1458286,1486660850
1486659501,219616593,1233950000.0,1458286,1486660850
1486659197,219617623,978478800.0,1458286,1486660850
1486658749,219616918,102045920.0,1458286,1486660850
1486657713,219612927,1333531.0,1458286,1486660850
1486657665,219612825,17255760.0,1458286,1486660850
1486658042,219609669,15740925.0,1458286,1486660850
1486660095,219625534,21020863.0,1458286,1486660850
1486660320,219623859,1146350.0,1458286,1486660850
1486657812,219611160,2682035.0,1458286,1486660850
1486660621,219624402,18768620.0,1458286,1486660850
1486658792,219615196,17619600.0,1458286,1486660850
1486660206,219623678,4806000.0,1458286,1486660850
1486659643,219618620,17069400.0,1458286,1486660850
1486657687,219612866,24867580.0,1458286,1486660850
1486660311,219622125,2779942.0,1458286,1486660850
1486659649,219620702,3811800.0,1458286,1486660850
1486660319,219622136,3499970000.0,1458286,1486660850
1486658671,219616784,14580697.0,1458286,1486660850
1486660487,219622383,9253841.0,1458286,1486660850
1486658281,219610180,121696296.0,1458286,1486660850
1486657794,219609211,365267461.0,1458286,1486660850
1486658693,219616807,364637362.0,1458286,1486660850
1486657882,219609386,3471673.0,1458286,1486660850
1486657813,219613100,115591300.0,1458286,1486660850
1486658831,219615251,112256320.0,1458286,1486660850
1486660031,219621646,108598340.0,1458286,1486660850
1486659768,219625017,13458464.0,1458286,1486660850
1486660419,219622289,9738533.0,1458286,1486660850
1486660431,219626095,9371021.0,1458286,1486660850
1486660438,219626106,8704720.0,1458286,1486660850
1486658932,219615409,32703203.0,1458286,1486660850
1486659863,219623125,1000920.0,1458286,1486660850
1486660339,219625935,493625035.0,1458286,1486660850
1486660411,219626070,493517055.0,1458286,1486660850
1486660492,219624168,493440575.0,1458286,1486660850
1486660613,219624387,493332595.0,1458286,1486660850
1486660724,219626912,493259615.0,1458286,1486660850
1486660818,219626762,493134835.0,1458286,1486660850
1486658054,219611560,7648961.0,1458286,1486660850
1486658294,219610213,7205381.0,1458286,1486660850
1486659813,219625086,5128299.0,1458286,1486660850
1486659678,219624843,14622460.0,1458286,1486660850
1486659206,219615901,171717138.0,1458286,1486660850
1486660009,219623350,169081902.0,1458286,1486660850
1486657716,219609075,3164185.0,1458286,1486660850
1486660273,219622050,267394820.0,1458286,1486660850
1486660366,219622206,250859840.0,1458286,1486660850
1486660626,219624418,243742860.0,1458286,1486660850
1486660810,219624706,242514880.0,1458286,1486660850
1486659743,219621188,897220.0,1458286,1486660850
1486657597,219608858,1176154960.0,1458286,1486660850
1486658098,219609798,1166008380.0,1458286,1486660850
1486658215,219610082,1164528700.0,1458286,1486660850
1486658251,219613956,1163271320.0,1458286,1486660850
1486658484,219614664,1161407740.0,1458286,1486660850
1486658834,219619091,1161120160.0,1458286,1486660850
1486658849,219615272,1158838880.0,1458286,1486660850
1486659643,219620687,6737790097.0,1458286,1486660850
1486660477,219626171,6737575701.0,1458286,1486660850
1486660214,219621969,3230958762.0,1458286,1486660850
1486659764,219621236,413500.0,1458286,1486660850
1486658891,219619169,1158680800.0,1458286,1486660850
1486657659,219612811,272120976.0,1458286,1486660850
1486658868,219615298,93404525.0,1458286,1486660850
1486659253,219617735,1157968920.0,1458286,1486660850
1486659340,219620044,1157721940.0,1458286,1486660850
1486659579,219618422,492203376.0,1458286,1486660850
1486659733,219622907,4664820.0,1458286,1486660850
1486659117,219617506,12595934.0,1458286,1486660850
1486657811,219609250,17290560.0,1458286,1486660850
1486659717,219624926,159825220.0,1458286,1486660850
1486660526,219626246,159720240.0,1458286,1486660850
1486659653,219621041,3123320.0,1458286,1486660850
1486658579,219614831,16714240.0,1458286,1486660850
1486657912,219613257,161193383.0,1458286,1486660850
1486658514,219614410,160886076.0,1458286,1486660850
1486657557,219610693,8955020.0,1458286,1486660850
1486658143,219613739,7314012.0,1458286,1486660850
1486658833,219619090,555020.0,1458286,1486660850
1486658504,219612427,173594890.0,1458286,1486660850
1486659345,219616245,173377410.0,1458286,1486660850
1486659958,219625313,172442905.0,1458286,1486660850
1486659847,219621352,154644320.0,1458286,1486660850
1486660645,219624447,374191500.0,1458286,1486660850
1486660559,219622520,16232294.0,1458286,1486660850
1486659480,219620321,1156666860.0,1458286,1486660850
1486659524,219620425,1154299480.0,1458286,1486660850
1486659592,219620534,1150316500.0,1458286,1486660850
1486659876,219623148,1148205320.0,1458286,1486660850
1486659876,219625191,1147958740.0,1458286,1486660850
1486660392,219626034,1147048860.0,1458286,1486660850
1486660552,219622494,1143909680.0,1458286,1486660850
1486660640,219624433,1143217500.0,1458286,1486660850
1486660834,219626789,1142824220.0,1458286,1486660850
1486660845,219626812,1141769740.0,1458286,1486660850
1486657776,219609179,9037900.0,1458286,1486660850
1486657628,219612756,137818084.0,1458286,1486660850
1486658049,219609689,134003104.0,1458286,1486660850
1486658228,219613919,129833124.0,1458286,1486660850
1486658437,219610493,123186144.0,1458286,1486660850
1486658529,219612466,118035164.0,1458286,1486660850
1486658710,219615045,114708184.0,1458286,1486660850
1486658889,219619168,111373204.0,1458286,1486660850
1486659068,219617421,108027224.0,1458286,1486660850
1486659310,219617869,77742244.0,1458286,1486660850
1486660449,219626122,73917264.0,1458286,1486660850
1486660748,219626956,65661284.0,1458286,1486660850
1486659250,219617726,195769880.0,1458286,1486660850
1486657581,219608828,63472173.0,1458286,1486660850
1486658801,219619033,62789193.0,1458286,1486660850
1486660045,219621666,62635213.0,1458286,1486660850
1486657850,219609319,77890599.0,1458286,1486660850
1486659035,219619424,411316705.0,1458286,1486660850
1486659479,219620320,408812854.0,1458286,1486660850
1486660724,219626594,351333457.0,1458286,1486660850
1486659660,219620731,64978235.0,1458286,1486660850
1486659901,219625223,30920525.0,1458286,1486660850
1486657813,219613095,33191637.0,1458286,1486660850
1486660518,219624230,32746657.0,1458286,1486660850
1486660605,219622624,6832895.0,1458286,1486660850
1486657917,219613270,555020.0,1458286,1486660850
1486657931,219613300,10849277.0,1458286,1486660850
1486660604,219626383,10784297.0,1458286,1486660850
1486660236,219625758,10513020.0,1458286,1486660850
1486660272,219622049,8540800.0,1458286,1486660850
1486660319,219622135,5815400.0,1458286,1486660850
1486659687,219624867,24284760.0,1458286,1486660850
1486660677,219624493,3995286970.0,1458286,1486660850
1486660361,219625979,56001404.0,1458286,1486660850
1486660617,219626414,24182580.0,1458286,1486660850
1486657789,219611121,14745340.0,1458286,1486660850
1486660449,219622332,90265263.0,1458286,1486660850
1486660582,219624333,90185283.0,1458286,1486660850
1486660668,219624478,90078878.0,1458286,1486660850
1486660803,219627059,89094834.0,1458286,1486660850
1486658087,219609772,63596021.0,1458286,1486660850
1486658089,219611630,63442641.0,1458286,1486660850
1486658095,219609786,62805361.0,1458286,1486660850
1486658097,219609793,62616581.0,1458286,1486660850
1486658108,219611678,61180801.0,1458286,1486660850
1486658114,219611692,60793421.0,1458286,1486660850
1486658122,219609859,59411041.0,1458286,1486660850
1486658141,219609906,59296861.0,1458286,1486660850
1486659809,219621297,45221980.0,1458286,1486660850
1486660541,219622479,9373500.0,1458286,1486660850
1486657569,219608807,188188940.0,1458286,1486660850
1486657988,219611453,184328960.0,1458286,1486660850
1486659412,219620168,160758096.0,1458286,1486660850
1486660232,219625755,160011208.0,1458286,1486660850
1486660419,219622290,5383920.0,1458286,1486660850
1486660438,219624064,5000597.0,1458286,1486660850
1486659950,219621515,1413710513.0,1458286,1486660850
1486660268,219622037,1413088867.0,1458286,1486660850
1486660535,219624249,7163420.0,1458286,1486660850
1486657960,219609518,225580448.0,1458286,1486660850
1486659763,219621234,227503235.0,1458286,1486660850
1486660590,219622593,116620.0,1458286,1486660850
1486658980,219617273,116760789.0,1458286,1486660850
1486658762,219618961,131149962.0,1458286,1486660850
1486660272,219625831,1412393887.0,1458286,1486660850
1486660547,219626283,1410515574.0,1458286,1486660850
1486657981,219613402,579835444.0,1458286,1486660850
1486660033,219623395,52258000.0,1458286,1486660850
1486660044,219621665,52065220.0,1458286,1486660850
1486660068,219623455,51963240.0,1458286,1486660850
1486660070,219623458,51867660.0,1458286,1486660850
1486660090,219621770,40515780.0,1458286,1486660850
1486660102,219621793,13778800.0,1458286,1486660850
1486660112,219625560,13082420.0,1458286,1486660850
1486660114,219621818,11916640.0,1458286,1486660850
1486660177,219623627,10608260.0,1458286,1486660850
1486660192,219623652,9751380.0,1458286,1486660850
1486660192,219625684,1859700.0,1458286,1486660850
1486660197,219621945,917920.0,1458286,1486660850
1486658961,219619306,6630114.0,1458286,1486660850
1486659429,219618104,6305134.0,1458286,1486660850
1486659631,219618601,3469177.0,1458286,1486660850
1486659070,219619491,1247781.0,1458286,1486660850
1486658210,219610070,2121162.0,1458286,1486660850
1486658293,219614040,738376.0,1458286,1486660850
1486660653,219626483,14019480.0,1458286,1486660850
1486657697,219609043,46781231.0,1458286,1486660850
1486658278,219614017,96378572.0,1458286,1486660850
1486658975,219617265,20869783.0,1458286,1486660850
1486659573,219620505,17832792.0,1458286,1486660850
1486660342,219623899,16795522.0,1458286,1486660850
1486657999,219613438,41596292.0,1458286,1486660850
1486658834,219617053,580700.0,1458286,1486660850
1486657567,219610718,1064685.0,1458286,1486660850
1486659100,219615720,1398915.0,1458286,1486660850
1486659916,219625248,31413000.0,1458286,1486660850
1486660610,219624382,407850000.0,1458286,1486660850
1486660850,219624782,12186481.0,1458286,1486660850
1486660267,219623777,321756595.0,1458286,1486660850
1486660662,219626497,10009765.0,1458286,1486660850
1486658918,219619225,17179084.0,1458286,1486660850
1486659455,219618154,8016075.0,1458286,1486660850
1486659593,219620537,363941780.0,1458286,1486660850
1486660494,219622391,363606766.0,1458286,1486660850
1486658853,219615283,10061075.0,1458286,1486660850
1486657902,219611313,62695327.0,1458286,1486660850
1486660562,219624299,1310588.0,1458286,1486660850
1486657882,219613214,1516040.0,1458286,1486660850
1486658127,219613693,183676220.0,1458286,1486660850
1486658349,219612155,172245240.0,1458286,1486660850
1486658468,219614630,166920260.0,1458286,1486660850
1486658693,219618838,146973280.0,1458286,1486660850
1486658769,219616954,125544300.0,1458286,1486660850
1486659010,219615554,120232320.0,1458286,1486660850
1486659128,219619578,97081340.0,1458286,1486660850
1486659970,219621542,89041360.0,1458286,1486660850
1486660569,219626317,85043380.0,1458286,1486660850
1486660810,219624705,79763400.0,1458286,1486660850
1486657958,219609512,646854.0,1458286,1486660850
1486658350,219612157,190322146.0,1458286,1486660850
1486658427,219614253,15231613.0,1458286,1486660850
1486658259,219613969,612012088.0,1458286,1486660850
1486658668,219614976,461732448.0,1458286,1486660850
1486657633,219610849,1737883.0,1458286,1486660850
1486659686,219621086,4938680.0,1458286,1486660850
1486658297,219610223,138211206.0,1458286,1486660850
1486658388,219612217,137551396.0,1458286,1486660850
1486658438,219614278,137210016.0,1458286,1486660850
1486658450,219612339,136992804.0,1458286,1486660850
1486658550,219614786,136246878.0,1458286,1486660850
1486658557,219614490,135375783.0,1458286,1486660850
1486658726,219615071,134229317.0,1458286,1486660850
1486658743,219618931,133890941.0,1458286,1486660850
1486658753,219615123,132943744.0,1458286,1486660850
1486658797,219619024,132806639.0,1458286,1486660850
1486658865,219615293,132721672.0,1458286,1486660850
1486658967,219619311,132641703.0,1458286,1486660850
1486659067,219615654,132346800.0,1458286,1486660850
1486659292,219619923,131711001.0,1458286,1486660850
1486659302,219619957,129922555.0,1458286,1486660850
1486659424,219618088,129845584.0,1458286,1486660850
1486659505,219618270,129505347.0,1458286,1486660850
1486659555,219620477,129307785.0,1458286,1486660850
1486659602,219618488,129020061.0,1458286,1486660850
1486659681,219624850,128681805.0,1458286,1486660850
1486659718,219622880,120710466.0,1458286,1486660850
1486657733,219612965,4604620.0,1458286,1486660850
1486658638,219618738,145539731.0,1458286,1486660850
1486658852,219615279,143044751.0,1458286,1486660850
1486658866,219617113,142095112.0,1458286,1486660850
1486658953,219619289,137927312.0,1458286,1486660850
1486659021,219617338,137572333.0,1458286,1486660850
1486659172,219619653,136883196.0,1458286,1486660850
1486659742,219622919,129996796.0,1458286,1486660850
1486659824,219625102,124237616.0,1458286,1486660850
1486659856,219621363,123530114.0,1458286,1486660850
1486659946,219623263,123235128.0,1458286,1486660850
1486659969,219623294,107115248.0,1458286,1486660850
1486660057,219625472,97458488.0,1458286,1486660850
1486660318,219625893,93364588.0,1458286,1486660850
1486660539,219622471,87400008.0,1458286,1486660850
1486660035,219621649,10920700.0,1458286,1486660850
1486660452,219626130,9527381.0,1458286,1486660850
1486659790,219625044,4199368.0,1458286,1486660850
1486658343,219610323,3070446.0,1458286,1486660850
1486660413,219622284,1257194.0,1458286,1486660850
1486658160,219613786,1057399.0,1458286,1486660850
1486660539,219626266,4547300.0,1458286,1486660850
1486660541,219622478,1439420.0,1458286,1486660850
1486660567,219624311,1091440.0,1458286,1486660850
1486660575,219624322,971760.0,1458286,1486660850
1486660580,219622574,876480.0,1458286,1486660850
1486660591,219622594,776700.0,1458286,1486660850
1486658804,219615214,1261820.0,1458286,1486660850
1486660607,219622628,1278340.0,1458286,1486660850
1486659410,219618054,225378113.0,1458286,1486660850
1486658007,219611475,2890298549.0,1458286,1486660850
1486657914,219609443,1199169698.0,1458286,1486660850
1486657574,219610738,67352000.0,1458286,1486660850
1486658828,219619081,30211209.0,1458286,1486660850
1486659951,219623268,169356500.0,1458286,1486660850
1486658871,219617117,380838530.0,1458286,1486660850
1486658370,219612193,14580696.0,1458286,1486660850
1486657840,219611212,408391844.0,1458286,1486660850
1486659873,219623143,51220600.0,1458286,1486660850
1486658682,219614995,4160000.0,1458286,1486660850
1486657604,219612688,118224497.0,1458286,1486660850
1486658198,219610036,116134856.0,1458286,1486660850
1486655841,219601193,1110530580.0,1458286,1486660850
1486658093,219611640,300512146.0,1458286,1486660850
1486660773,219626686,5590800.0,1458286,1486660850
1486660121,219623537,23105263631.0,1458286,1486660850
1486659718,219622872,5099232985.0,1458286,1486660850
1486659141,219617543,103750001.0,1458286,1486660850
1486658159,219613783,32566082.0,1458286,1486660850
1486660666,219626502,6813425.0,1458286,1486660850
1486659824,219625104,22930600.0,1458286,1486660850
1486659379,219617995,103189.0,1458286,1486660850
1486659256,219617743,34407660.0,1458286,1486660850
1486657814,219611169,64435380.0,1458286,1486660850
1486659875,219621405,4934706.0,1458286,1486660850
1486659950,219625302,4608341.0,1458286,1486660850
1486659964,219623286,1590976.0,1458286,1486660850
1486659990,219623323,1456825.0,1458286,1486660850
1486660065,219623450,536973.0,1458286,1486660850
1486660136,219621853,461962.0,1458286,1486660850
1486660377,219623957,1520700.0,1458286,1486660850
1486660615,219626410,479180.0,1458286,1486660850
1486660809,219627074,30824219.0,1458286,1486660850
1486659654,219620714,97840220.0,1458286,1486660850
1486659755,219622942,84487160.0,1458286,1486660850
1486659759,219624999,71842180.0,1458286,1486660850
1486659784,219622990,71767000.0,1458286,1486660850
1486658816,219615231,316500.0,1458286,1486660850
1486657862,219613174,52256359.0,1458286,1486660850
1486657754,219609148,23064127.0,1458286,1486660850
1486659406,219616369,25595226.0,1458286,1486660850
1486659810,219625081,1469915.0,1458286,1486660850
1486658670,219614981,21439252.0,1458286,1486660850
1486658850,219619125,1151571.0,1458286,1486660850
1486658950,219619288,1158278.0,1458286,1486660850
1486659661,219618663,1394236.0,1458286,1486660850
1486658127,219613696,1938886800.0,1458286,1486660850
1486659612,219618531,20059540.0,1458286,1486660850
1486660601,219622614,6087420.0,1458286,1486660850
1486657828,219609281,105963600.0,1458286,1486660850
1486658144,219609915,38467661.0,1458286,1486660850
1486658161,219609955,9232681.0,1458286,1486660850
1486658172,219609974,7663801.0,1458286,1486660850
1486658175,219611855,7399921.0,1458286,1486660850
1486658187,219610009,5654441.0,1458286,1486660850
1486658190,219611879,5398561.0,1458286,1486660850
1486658197,219610034,107849081.0,1458286,1486660850
1486658202,219613873,102319101.0,1458286,1486660850
1486658239,219610126,102167521.0,1458286,1486660850
1486658262,219613977,101965641.0,1458286,1486660850
1486658276,219614011,95764161.0,1458286,1486660850
1486660202,219625697,2088940.0,1458286,1486660850
1486660209,219623686,574060.0,1458286,1486660850
1486660218,219623702,8579580.0,1458286,1486660850
1486660229,219625746,8221900.0,1458286,1486660850
1486660248,219622010,8112120.0,1458286,1486660850
1486660262,219625809,7366640.0,1458286,1486660850
1486660311,219625887,7263860.0,1458286,1486660850
1486660321,219623865,7168280.0,1458286,1486660850
1486660327,219623875,6840200.0,1458286,1486660850
1486660332,219622157,160758220.0,1458286,1486660850
1486657585,219608839,392150218.0,1458286,1486660850
1486657725,219612956,271123500.0,1458286,1486660850
1486660218,219623699,32042894.0,1458286,1486660850
1486658798,219615202,1544860.0,1458286,1486660850
1486659710,219621136,53774632.0,1458286,1486660850
1486658504,219612428,15644870.0,1458286,1486660850
1486658111,219611686,42262818.0,1458286,1486660850
1486658785,219615184,5071912.0,1458286,1486660850
1486657931,219611361,1281448082.0,1458286,1486660850
1486658126,219611730,9264794.0,1458286,1486660850
1486658860,219617106,14617004.0,1458286,1486660850
1486658981,219615496,14617004.0,1458286,1486660850
1486659164,219617578,112490450.0,1458286,1486660850
1486660155,219623590,109255727.0,1458286,1486660850
1486659096,219615712,16770000.0,1458286,1486660850
1486659594,219620882,39518737.0,1458286,1486660850
1486658178,219611864,329448514.0,1458286,1486660850
1486659895,219623174,1504620000.0,1458286,1486660850
1486659997,219621581,216915705.0,1458286,1486660850
1486658149,219609926,7734794.0,1458286,1486660850
1486658040,219611530,4697810000.0,1458286,1486660850
1486659149,219617556,8715751.0,1458286,1486660850
1486658031,219609650,4517227729.0,1458286,1486660850
1486659495,219616580,61970000.0,1458286,1486660850
1486658418,219614236,199970000.0,1458286,1486660850
1486659924,219623228,197540000.0,1458286,1486660850
1486655849,219601206,1109775863.0,1458286,1486660850
1486655858,219601223,1108218320.0,1458286,1486660850
1486655866,219599318,1107428018.0,1458286,1486660850
1486658100,219611655,13400889.0,1458286,1486660850
1486660506,219626206,5088746985.0,1458286,1486660850
1486660725,219626595,5068756985.0,1458286,1486660850
1486658228,219610105,65259700.0,1458286,1486660850
1486659061,219619476,59406700.0,1458286,1486660850
1486660215,219623695,51088900.0,1458286,1486660850
1486660764,219626668,48624900.0,1458286,1486660850
1486658253,219613959,406875909.0,1458286,1486660850
1486658270,219613998,306845909.0,1458286,1486660850
1486657905,219611319,1190336942.0,1458286,1486660850
1486659707,219622858,37509599.0,1458286,1486660850
1486658354,219614139,36076452.0,1458286,1486660850
1486658797,219619025,36209006.0,1458286,1486660850
1486657821,219611181,259305229.0,1458286,1486660850
1486659808,219623027,4617634.0,1458286,1486660850
1486657644,219610877,16226320.0,1458286,1486660850
1486657948,219611393,31374199.0,1458286,1486660850
1486657976,219613390,26107769.0,1458286,1486660850
1486658054,219609703,4062789.0,1458286,1486660850
1486658323,219610282,9237540.0,1458286,1486660850
1486658389,219612223,6265814.0,1458286,1486660850
1486658327,219612110,8686928.0,1458286,1486660850
1486659166,219617579,2581978.0,1458286,1486660850
1486657451,219606386,928017.0,1458286,1486660850
1486658955,219619294,8429604.0,1458286,1486660850
1486658619,219614600,8357610.0,1458286,1486660850
1486659990,219621577,1051545.0,1458286,1486660850
1486658670,219616782,1944308.0,1458286,1486660850
1486657771,219611083,1891907.0,1458286,1486660850
1486660821,219626767,237879293.0,1458286,1486660850
1486658581,219614834,120352409.0,1458286,1486660850
1486660644,219622696,60416658.0,1458286,1486660850
1486660806,219627067,169663.0,1458286,1486660850
1486658556,219612513,20165632.0,1458286,1486660850
1486660801,219627055,594946.0,1458286,1486660850
1486658671,219614984,64959574.0,1458286,1486660850
1486659653,219618643,30662234.0,1458286,1486660850
1486659744,219622923,108380959.0,1458286,1486660850
1486659510,219616610,10639589.0,1458286,1486660850
1486657677,219609010,5926599.0,1458286,1486660850
1486659657,219621049,4282579.0,1458286,1486660850
1486658508,219614702,1957090.0,1458286,1486660850
1486659759,219622949,4139924.0,1458286,1486660850
1486660626,219622668,1602590.0,1458286,1486660850
1486659862,219621378,201158109.0,1458286,1486660850
1486658119,219611705,9974800.0,1458286,1486660850
1486659870,219623140,965656.0,1458286,1486660850
1486658001,219609596,975292.0,1458286,1486660850
1486658108,219609827,3666287.0,1458286,1486660850
1486660787,219627038,53401031.0,1458286,1486660850
1486660524,219622448,389973425.0,1458286,1486660850
1486660644,219626468,7622106.0,1458286,1486660850
1486658656,219614952,6935828.0,1458286,1486660850
1486659107,219615731,1048367.0,1458286,1486660850
1486658375,219610388,1138445.0,1458286,1486660850
1486659052,219619459,386495641.0,1458286,1486660850
1486658748,219615115,1159228.0,1458286,1486660850
1486659626,219620634,18576619.0,1458286,1486660850
1486658892,219617149,2338671.0,1458286,1486660850
1486657602,219608867,14107185580.0,1458286,1486660850
1486657789,219613052,1257640.0,1458286,1486660850
1486659056,219615632,56558559.0,1458286,1486660850
1486659064,219619483,35120857.0,1458286,1486660850
1486659279,219616085,222504.0,1458286,1486660850
1486660722,219624563,560391.0,1458286,1486660850
1486657695,219612888,155884461.0,1458286,1486660850
1486658969,219615480,2343777519.0,1458286,1486660850
1486659979,219621556,543748009.0,1458286,1486660850
1486658327,219610294,153221120.0,1458286,1486660850
1486660378,219626012,10970408.0,1458286,1486660850
1486658623,219618710,14171521.0,1458286,1486660850
1486658774,219616968,75997.0,1458286,1486660850
1486660331,219625924,3345007.0,1458286,1486660850
1486660014,219621608,9865007.0,1458286,1486660850
1486659887,219623163,118775007.0,1458286,1486660850
1486658907,219615366,6289416.0,1458286,1486660850
1486659203,219617633,1933116.0,1458286,1486660850
1486659721,219621153,549091.0,1458286,1486660850
1486660706,219626565,5473471.0,1458286,1486660850
1486660111,219623522,81245041.0,1458286,1486660850
1486659579,219620513,9179254.0,1458286,1486660850
1486659647,219620696,6519170.0,1458286,1486660850
1486658627,219618719,4441598.0,1458286,1486660850
1486660571,219626320,1653942.0,1458286,1486660850
1486659298,219619940,246246770.0,1458286,1486660850
1486659962,219621528,133217260.0,1458286,1486660850
1486658584,219614540,69876327.0,1458286,1486660850
1486658381,219610396,32854521.0,1458286,1486660850
1486659707,219624908,225303202.0,1458286,1486660850
1486659884,219625203,3152885.0,1458286,1486660850
1486660763,219626667,15567785.0,1458286,1486660850
1486660300,219625867,4239860.0,1458286,1486660850
1486658161,219613791,130796.0,1458286,1486660850
1486658204,219610054,7176094.0,1458286,1486660850
1486659490,219616568,50671561.0,1458286,1486660850
1486658607,219614582,5388217.0,1458286,1486660850
1486660085,219625512,6509271.0,1458286,1486660850
1486658360,219612179,50003563904.0,1458286,1486660850
1486660739,219624585,61061500.0,1458286,1486660850
1486658837,219617059,3039964.0,1458286,1486660850
1486660729,219626922,42221032.0,1458286,1486660850
1486658181,219609993,210766934.0,1458286,1486660850
1486660220,219625732,5897000.0,1458286,1486660850
1486658855,219617095,746866731.0,1458286,1486660850
1486660248,219625777,647600226.0,1458286,1486660850
1486660315,219622129,269975007.0,1458286,1486660850
1486660294,219622093,9184132.0,1458286,1486660850
1486660450,219622334,38496750.0,1458286,1486660850
1486658849,219615273,1297418.0,1458286,1486660850
1486659331,219620027,94375237.0,1458286,1486660850
1486659863,219623126,7490832.0,1458286,1486660850
1486659157,219619624,87070309.0,1458286,1486660850
1486659622,219618564,87452192.0,1458286,1486660850
1486660580,219624330,971723774.0,1458286,1486660850
1486660452,219624092,674786.0,1458286,1486660850
1486660028,219623385,3235335459.0,1458286,1486660850
1486658768,219616948,600000.0,1458286,1486660850
1486659402,219618036,1549862.0,1458286,1486660850
1486657571,219612631,101024506.0,1458286,1486660850
1486660836,219626800,797014115.0,1458286,1486660850
1486658734,219615093,9940696.0,1458286,1486660850
1486660553,219622501,4800561.0,1458286,1486660850
1486659513,219620404,477655.0,1458286,1486660850
1486660683,219622744,60001001498.0,1458286,1486660850
1486658985,219619340,238018107.0,1458286,1486660850
1486659626,219618584,9119376.0,1458286,1486660850
1486660586,219624340,1179227.0,1458286,1486660850
1486659910,219621456,5866000.0,1458286,1486660850
1486658056,219609712,4520756.0,1458286,1486660850
1486659316,219617881,14250926.0,1458286,1486660850
1486657895,219609405,441977.0,1458286,1486660850
1486658688,219618826,680194282.0,1458286,1486660850
1486659755,219621221,87918762.0,1458286,1486660850
1486659793,219623005,1460097.0,1458286,1486660850
1486659231,219615943,261000397.0,1458286,1486660850
1486658160,219611820,780098.0,1458286,1486660850
1486658729,219616881,31242996.0,1458286,1486660850
1486659419,219618075,1103534770.0,1458286,1486660850
1486657829,219613129,176562704.0,1458286,1486660850
1486658523,219614430,5666714.0,1458286,1486660850
1486660475,219622358,2121212.0,1458286,1486660850
1486658293,219614039,424871099.0,1458286,1486660850
1486659344,219616243,127877468.0,1458286,1486660850
1486658411,219610443,7980734.0,1458286,1486660850
1486660325,219625905,402268088.0,1458286,1486660850
1486659587,219620520,21167900.0,1458286,1486660850
1486660502,219622406,18960700.0,1458286,1486660850
1486659304,219616136,98846062.0,1458286,1486660850
1486659467,219620295,3165495417.0,1458286,1486660850
1486659416,219618065,3775448.0,1458286,1486660850
1486659738,219621179,20965094.0,1458286,1486660850
1486658841,219619111,5896754.0,1458286,1486660850
1486658532,219614451,123031.0,1458286,1486660850
1486658698,219616817,1507098.0,1458286,1486660850
1486659804,219621290,50442.0,1458286,1486660850
1486660049,219621672,999971282.0,1458286,1486660850
1486658318,219614083,32121282.0,1458286,1486660850
1486660359,219625976,20767366.0,1458286,1486660850
1486659239,219617700,16637585.0,1458286,1486660850
1486659621,219620977,680113883.0,1458286,1486660850
1486660372,219622218,84952804.0,1458286,1486660850
1486657858,219609336,5428592.0,1458286,1486660850
1486657819,219611174,19290868.0,1458286,1486660850
1486659518,219618292,3259782.0,1458286,1486660850
1486658873,219615309,28960059.0,1458286,1486660850
1486658018,219611487,1309051.0,1458286,1486660850
1486658479,219614656,8858282.0,1458286,1486660850
1486657559,219610698,8539270.0,1458286,1486660850
1486657673,219610916,1364895.0,1458286,1486660850
1486659732,219621170,19646333.0,1458286,1486660850
1486660672,219626509,3608662.0,1458286,1486660850
1486658923,219617191,7672856.0,1458286,1486660850
1486657638,219610863,23036133.0,1458286,1486660850
1486659128,219617518,15355822.0,1458286,1486660850
1486657939,219609487,92366939.0,1458286,1486660850
1486658454,219612346,65351343.0,1458286,1486660850
1486658306,219612060,78859526.0,1458286,1486660850
1486660560,219624296,35171282.0,1458286,1486660850
1486658423,219614244,3363188664.0,1458286,1486660850
1486659515,219618287,271282.0,1458286,1486660850
1486659209,219619723,513852.0,1458286,1486660850
1486657652,219610890,271282.0,1458286,1486660850
1486660198,219623658,1924166.0,1458286,1486660850
1486660612,219626400,1385448.0,1458286,1486660850
1486660115,219623531,8981803.0,1458286,1486660850
1486659227,219619763,499971282.0,1458286,1486660850
1486660759,219626663,599971282.0,1458286,1486660850
1486659986,219621573,23771282.0,1458286,1486660850
1486660400,219626044,10618284.0,1458286,1486660850
1486659942,219625291,690483.0,1458286,1486660850
1486658338,219610315,2471282.0,1458286,1486660850
1486658652,219614945,8166371.0,1458286,1486660850
1486658846,219619121,508923502.0,1458286,1486660850
1486658366,219610371,1995885.0,1458286,1486660850
1486658346,219614126,12799971313.0,1458286,1486660850
1486659586,219618441,10753604.0,1458286,1486660850
1486660501,219622404,8475904.0,1458286,1486660850
1486659588,219620865,96929362.0,1458286,1486660850
1486660801,219626726,93705562.0,1458286,1486660850
1486658229,219611944,28990696.0,1458286,1486660850
1486658803,219615209,5643277117.0,1458286,1486660850
1486658064,219609728,465791016.0,1458286,1486660850
1486658572,219614819,35037844.0,1458286,1486660850
1486658892,219617148,10515895.0,1458286,1486660850
1486660721,219626908,446686783.0,1458286,1486660850
1486658195,219610030,20453724.0,1458286,1486660850
1486658466,219614628,7566499196.0,1458286,1486660850
1486658349,219612154,3260935.0,1458286,1486660850
1486658451,219614308,5624701234.0,1458286,1486660850
1486658198,219613865,9915592.0,1458286,1486660850
1486659458,219620275,2495453.0,1458286,1486660850
1486657785,219613047,670163.0,1458286,1486660850
1486659070,219615664,39975688.0,1458286,1486660850
1486659387,219616330,3268232.0,1458286,1486660850
1486660826,219627113,24921282.0,1458286,1486660850
1486660686,219626525,5467363.0,1458286,1486660850
1486660111,219625559,11963576.0,1458286,1486660850
1486659953,219623271,82727892.0,1458286,1486660850
1486660114,219621817,2911473.0,1458286,1486660850
1486659138,219617538,2241459.0,1458286,1486660850
1486657808,219613081,32207567.0,1458286,1486660850
1486657883,219613215,31167031.0,1458286,1486660850
1486660843,219627147,7187981.0,1458286,1486660850
1486660242,219623733,18844971.0,1458286,1486660850
1486659609,219618519,234922.0,1458286,1486660850
1486657678,219609013,12514896.0,1458286,1486660850
1486658168,219611839,2458958.0,1458286,1486660850
1486660481,219624152,2797022.0,1458286,1486660850
1486659077,219615679,2882584.0,1458286,1486660850
1486658859,219619135,1875164.0,1458286,1486660850
1486658993,219619347,9834565.0,1458286,1486660850
1486660376,219623955,4208766.0,1458286,1486660850
1486658905,219615363,17945041.0,1458286,1486660850
1486659175,219619658,17002617.0,1458286,1486660850
1486660357,219623921,15165823.0,1458286,1486660850
1486658813,219615226,4331282.0,1458286,1486660850
1486658261,219610147,61384027.0,1458286,1486660850
1486658768,219616951,6469548.0,1458286,1486660850
1486658598,219616663,3751554.0,1458286,1486660850
1486658043,219611538,673260.0,1458286,1486660850
1486659290,219616111,3465968.0,1458286,1486660850
1486659438,219618122,2797250.0,1458286,1486660850
1486660019,219625419,3243997.0,1458286,1486660850
1486657813,219613096,316445901.0,1458286,1486660850
1486657851,219613154,80534540.0,1458286,1486660850
1486657622,219608910,50136671.0,1458286,1486660850
1486658042,219613499,65897500.0,1458286,1486660850
1486657648,219612795,76816785.0,1458286,1486660850
1486660268,219625823,7153482.0,1458286,1486660850
1486659899,219625216,3506214.0,1458286,1486660850
1486659962,219625321,6588014.0,1458286,1486660850
1486658061,219611574,273135806.0,1458286,1486660850
1486658515,219614415,59427190.0,1458286,1486660850
1486658473,219614347,8626711.0,1458286,1486660850
1486658836,219615259,2329050.0,1458286,1486660850
1486660040,219621660,57284538.0,1458286,1486660850
1486660617,219626413,133987026.0,1458286,1486660850
1486660844,219624742,43152081.0,1458286,1486660850
1486658533,219614754,18891908.0,1458286,1486660850
1486657865,219613183,4719110150.0,1458286,1486660850
1486658129,219613704,4701380662.0,1458286,1486660850
1486657855,219611235,994800.0,1458286,1486660850
1486658946,219619277,52324783.0,1458286,1486660850
1486658053,219613526,9895688.0,1458286,1486660850
1486658897,219619179,5975712.0,1458286,1486660850
1486657691,219612878,30125632.0,1458286,1486660850
1486658708,219618871,536284678.0,1458286,1486660850
1486657667,219608989,69421379.0,1458286,1486660850
1486658887,219619166,27882182.0,1458286,1486660850
1486658108,219613641,85852876.0,1458286,1486660850
1486659573,219620833,26535331.0,1458286,1486660850
1486658064,219609726,9712438.0,1458286,1486660850
1486657910,219609434,53600.0,1458286,1486660850
1486659017,219619384,33077035.0,1458286,1486660850
1486659469,219616522,32836070.0,1458286,1486660850
1486659931,219625277,73806439.0,1458286,1486660850
1486659627,219620995,50645135.0,1458286,1486660850
1486660679,219626518,47289686.0,1458286,1486660850
1486657744,219612982,32074805.0,1458286,1486660850
1486658944,219619270,1700926.0,1458286,1486660850
1486659871,219621399,10237961.0,1458286,1486660850
1486660116,219625569,21990073.0,1458286,1486660850
1486660305,219622111,531247275.0,1458286,1486660850
1486657741,219612975,381258692.0,1458286,1486660850
1486660167,219621896,375798108.0,1458286,1486660850
1486659632,219621009,21835965.0,1458286,1486660850
1486659343,219616237,28525529334.0,1458286,1486660850
1486658890,219615340,12061753.0,1458286,1486660850
1486660820,219627100,1702020.0,1458286,1486660850
1486659925,219621477,1758125.0,1458286,1486660850
1486657668,219610913,67224850.0,1458286,1486660850
1486659862,219623121,1701905.0,1458286,1486660850
1486660606,219622625,160570116.0,1458286,1486660850
1486659862,219623122,1701111.0,1458286,1486660850
1486658944,219617216,1701016.0,1458286,1486660850
1486660089,219621765,1410399843.0,1458286,1486660850
1486658261,219611987,1565764813.0,1458286,1486660850
1486658524,219614437,592115.0,1458286,1486660850
1486660818,219627097,13871704.0,1458286,1486660850
1486657984,219613413,284440408.0,1458286,1486660850
1486659716,219624921,1278746.0,1458286,1486660850
1486659717,219621144,28349255.0,1458286,1486660850
1486659673,219621071,30261758.0,1458286,1486660850
1486660596,219622603,305440480.0,1458286,1486660850
1486657822,219609272,136221197.0,1458286,1486660850
1486659950,219625303,136124746.0,1458286,1486660850
1486658789,219619008,15516140.0,1458286,1486660850
1486659714,219621140,5021980.0,1458286,1486660850
1486659959,219625316,31662651.0,1458286,1486660850
1486657871,219613192,87257344.0,1458286,1486660850
1486658238,219610124,103504.0,1458286,1486660850
1486659491,219616574,18434134.0,1458286,1486660850
1486659667,219622795,12084001.0,1458286,1486660850
1486653244,219584321,120151023.0,1458286,1486660850
1486660438,219626107,31384048.0,1458286,1486660850
1486657723,219612950,340273826.0,1458286,1486660850
1486657812,219609254,11422064.0,1458286,1486660850
1486657558,219612606,1271821.0,1458286,1486660850
1486660746,219626627,1030301.0,1458286,1486660850
1486657846,219611224,5340885.0,1458286,1486660850
1486657717,219612935,44821881.0,1458286,1486660850
1486658464,219614625,28647540.0,1458286,1486660850
1486658030,219613482,439967362.0,1458286,1486660850
1486660807,219626735,299958480.0,1458286,1486660850
1486660810,219624704,299055056.0,1458286,1486660850
1486660816,219624713,40070617.0,1458286,1486660850
1486657713,219609074,310748606.0,1458286,1486660850
1486656086,219601665,106646242.0,1458286,1486660850
1486657930,219609476,13593945.0,1458286,1486660850
1486658112,219609834,674963536.0,1458286,1486660850
1486657889,219611297,102095720.0,1458286,1486660850
1486658975,219617266,58598634.0,1458286,1486660850
1486657988,219609573,60218260.0,1458286,1486660850
1486658669,219618798,841979217.0,1458286,1486660850
1486657929,219609475,1177311.0,1458286,1486660850
1486657946,219609493,24075437.0,1458286,1486660850
1486658230,219611946,15096415.0,1458286,1486660850
1486660693,219626536,6918480.0,1458286,1486660850
1486657957,219613347,963598019.0,1458286,1486660850
1486658386,219612215,24033920.0,1458286,1486660850
1486659751,219622934,86784699.0,1458286,1486660850
1486657943,219611382,12709041.0,1458286,1486660850
1486660711,219622788,24958480.0,1458286,1486660850
1486653252,219583748,119795203.0,1458286,1486660850
1486653254,219583754,119587183.0,1458286,1486660850
1486653271,219583782,117879163.0,1458286,1486660850
1486653280,219584381,114835243.0,1458286,1486660850
1486653285,219586229,114083423.0,1458286,1486660850
1486653291,219586241,113543203.0,1458286,1486660850
1486657790,219611123,14356270.0,1458286,1486660850
1486658109,219613647,476127152.0,1458286,1486660850
1486659311,219619975,8175062.0,1458286,1486660850
1486653306,219584427,111888383.0,1458286,1486660850
1486653308,219584432,110990463.0,1458286,1486660850
1486658089,219611631,310437921.0,1458286,1486660850
1486658310,219612065,309896401.0,1458286,1486660850
1486657940,219613318,28569014.0,1458286,1486660850
1486660726,219626598,86113569.0,1458286,1486660850
1486660596,219626365,303270960.0,1458286,1486660850
1486658285,219614026,320175.0,1458286,1486660850
1486659533,219620441,23379142.0,1458286,1486660850
1486659235,219615956,267292010.0,1458286,1486660850
1486659106,219615729,36958480.0,1458286,1486660850
1486657824,219609275,1077547.0,1458286,1486660850
1486657971,219609537,843461.0,1458286,1486660850
1486658354,219610347,616270.0,1458286,1486660850
1486659194,219617621,464596.0,1458286,1486660850
1486658692,219615014,14108880.0,1458286,1486660850
1486653314,219586287,108889243.0,1458286,1486660850
1486653320,219586296,97560823.0,1458286,1486660850
1486653322,219584454,96571603.0,1458286,1486660850
1486653323,219584456,96479783.0,1458286,1486660850
1486653344,219588011,95943663.0,1458286,1486660850
1486659968,219623290,265575088.0,1458286,1486660850
1486658702,219618856,92531263.0,1458286,1486660850
1486658480,219614657,1312538596.0,1458286,1486660850
1486657899,219611310,172778760.0,1458286,1486660850
1486658424,219610475,87931427.0,1458286,1486660850
1486659971,219625338,203999540.0,1458286,1486660850
1486659957,219625312,208143118.0,1458286,1486660850
1486659629,219621000,25311201.0,1458286,1486660850
1486658407,219612248,309354881.0,1458286,1486660850
1486658640,219616716,308813361.0,1458286,1486660850
1486658897,219615352,308271841.0,1458286,1486660850
1486659012,219619377,307730321.0,1458286,1486660850
1486659239,219615969,307176241.0,1458286,1486660850
1486659350,219617956,306622001.0,1458286,1486660850
1486659791,219623004,306080481.0,1458286,1486660850
1486660008,219623347,305538961.0,1458286,1486660850
1486660010,219623352,304997441.0,1458286,1486660850
1486660029,219621643,304455921.0,1458286,1486660850
1486660503,219624189,303897681.0,1458286,1486660850
1486659383,219620112,110279769.0,1458286,1486660850
1486658259,219610144,610150732.0,1458286,1486660850
1486660327,219622150,189653007.0,1458286,1486660850
1486659116,219617504,753215.0,1458286,1486660850
1486658035,219611514,2079991097.0,1458286,1486660850
1486659900,219623181,2584203303.0,1458286,1486660850
1486658261,219613973,3728921409.0,1458286,1486660850
1486660850,219624783,871865583.0,1458286,1486660850
1486658647,219618756,7833570647.0,1458286,1486660850
1486657615,219612701,4796360055.0,1458286,1486660850
1486657950,219609502,1935081863.0,1458286,1486660850
1486658343,219610322,5405347064.0,1458286,1486660850
1486657558,219610694,4446075919.0,1458286,1486660850
1486658431,219610484,6685653555.0,1458286,1486660850
1486657566,219610713,9999972157.0,1458286,1486660850
1486657867,219609349,11292056577.0,1458286,1486660850
1486657609,219610800,884938737.0,1458286,1486660850
1486657997,219611466,518389672.0,1458286,1486660850
1486658624,219616700,925584182.0,1458286,1486660850
1486658913,219619210,971188781.0,1458286,1486660850
1486659632,219621012,999972161.0,1458286,1486660850
1486658158,219609944,556933813.0,1458286,1486660850
1486659864,219621382,18577643.0,1458286,1486660850
1486658242,219613944,7274648644.0,1458286,1486660850
1486658582,219614538,2655720106.0,1458286,1486660850
1486659228,219615937,14934851738.0,1458286,1486660850
1486659002,219615533,11170285656.0,1458286,1486660850
1486658102,219609811,6165520066.0,1458286,1486660850
1486657982,219609552,1879737448.0,1458286,1486660850
1486660382,219626020,1846007839.0,1458286,1486660850
1486660562,219622530,1331072665.0,1458286,1486660850
1486660683,219624501,1256477174.0,1458286,1486660850
1486660746,219624600,1106080914.0,1458286,1486660850
1486660805,219627063,577488630.0,1458286,1486660850
1486658342,219612141,37416312507.0,1458286,1486660850
1486657922,219611345,1622993278.0,1458286,1486660850
1486657802,219611143,128372020.0,1458286,1486660850
1486659243,219617707,23606662.0,1458286,1486660850
1486660699,219626551,366249130.0,1458286,1486660850
1486660677,219622739,303356161.0,1458286,1486660850
1486656086,219601666,101883422.0,1458286,1486660850
1486656086,219599800,101684598.0,1458286,1486660850
1486656086,219601668,96928216.0,1458286,1486660850
1486656086,219597885,93770391.0,1458286,1486660850
1486656086,219601671,93571567.0,1458286,1486660850
1486656086,219599801,93372754.0,1458286,1486660850
1486656086,219601673,93173795.0,1458286,1486660850
1486656086,219597888,91676921.0,1458286,1486660850
1486656086,219597889,91477535.0,1458286,1486660850
1486656087,219599802,89857402.0,1458286,1486660850
1486656088,219597893,89658016.0,1458286,1486660850
1486656089,219599805,88355075.0,1458286,1486660850
1486660432,219624057,296199.0,1458286,1486660850
1486658908,219617173,17975118.0,1458286,1486660850
1486658345,219610330,674422016.0,1458286,1486660850
1486658462,219612359,673880496.0,1458286,1486660850
1486658771,219616962,672538976.0,1458286,1486660850
1486658907,219619199,671975216.0,1458286,1486660850
1486659482,219620325,109958249.0,1458286,1486660850
1486659683,219622822,109816009.0,1458286,1486660850
1486659793,219625048,107974489.0,1458286,1486660850
1486659859,219621370,107721049.0,1458286,1486660850
1486659883,219623158,90739529.0,1458286,1486660850
1486659942,219621503,78681699.0,1458286,1486660850
1486659974,219623300,76660179.0,1458286,1486660850
1486660006,219621592,75368659.0,1458286,1486660850
1486660037,219621656,74990407.0,1458286,1486660850
1486660088,219625517,73968887.0,1458286,1486660850
1486660250,219623744,64947367.0,1458286,1486660850
1486660477,219626170,64125847.0,1458286,1486660850
1486660483,219624154,63501827.0,1458286,1486660850
1486660760,219624621,62760307.0,1458286,1486660850
1486660770,219626678,37038787.0,1458286,1486660850
1486660818,219626763,36892267.0,1458286,1486660850
1486660818,219626764,36550747.0,1458286,1486660850
1486659142,219619603,671433696.0,1458286,1486660850
1486659303,219619960,670892176.0,1458286,1486660850
1486659380,219617998,670350656.0,1458286,1486660850
1486660018,219623366,669809136.0,1458286,1486660850
1486660028,219621639,257261244.0,1458286,1486660850
1486653390,219588098,95857343.0,1458286,1486660850
1486653399,219584599,94801123.0,1458286,1486660850
1486653407,219588124,93533203.0,1458286,1486660850
1486653411,219588133,93425383.0,1458286,1486660850
1486653421,219584634,93105463.0,1458286,1486660850
1486653422,219586466,92903843.0,1458286,1486660850
1486653443,219584701,92749023.0,1458286,1486660850
1486653457,219584729,92614303.0,1458286,1486660850
1486653458,219588237,91914483.0,1458286,1486660850
1486653468,219586578,91495063.0,1458286,1486660850
1486660468,219626151,33786460.0,1458286,1486660850
1486658868,219617115,885445611.0,1458286,1486660850
1486658034,219609654,45952933.0,1458286,1486660850
1486659953,219625305,444653384.0,1458286,1486660850
1486657717,219610993,115403900.0,1458286,1486660850
1486658207,219610058,114662380.0,1458286,1486660850
1486658349,219612156,114120860.0,1458286,1486660850
1486658561,219614499,113559260.0,1458286,1486660850
1486658864,219619140,113017740.0,1458286,1486660850
1486658956,219617236,112476220.0,1458286,1486660850
1486659204,219619716,111922780.0,1458286,1486660850
1486659324,219616188,111381260.0,1458286,1486660850
1486659629,219618595,110839740.0,1458286,1486660850
1486660006,219621594,110298220.0,1458286,1486660850
1486660009,219625398,109756700.0,1458286,1486660850
1486660013,219621607,109215180.0,1458286,1486660850
1486660026,219625432,108373660.0,1458286,1486660850
1486660517,219622438,107832140.0,1458286,1486660850
1486660018,219623367,669067616.0,1458286,1486660850
1486659965,219621531,249354230.0,1458286,1486660850
1486658032,219613484,46316660.0,1458286,1486660850
1486658209,219610065,1474473.0,1458286,1486660850
1486660019,219623368,668526096.0,1458286,1486660850
1486660019,219625418,667984576.0,1458286,1486660850
1486660514,219622432,667443056.0,1458286,1486660850
1486660814,219626751,666865736.0,1458286,1486660850
1486656091,219601685,87840137.0,1458286,1486660850
1486656091,219599814,87482481.0,1458286,1486660850
1486656092,219597900,85707977.0,1458286,1486660850
1486656092,219597901,83936113.0,1458286,1486660850
1486656092,219597902,83737289.0,1458286,1486660850
1486656092,219599816,81974189.0,1458286,1486660850
1486656096,219597910,77057548.0,1458286,1486660850
1486656097,219599820,73870027.0,1458286,1486660850
1486656097,219601701,70677944.0,1458286,1486660850
1486656099,219599831,70480075.0,1458286,1486660850
1486656100,219601712,68892920.0,1458286,1486660850
1486656100,219597927,64137078.0,1458286,1486660850
1486657937,219611370,30448977.0,1458286,1486660850
1486658354,219610346,30043233.0,1458286,1486660850
1486658474,219614647,29901677.0,1458286,1486660850
1486659354,219616262,28854256.0,1458286,1486660850
1486657628,219610851,350984682.0,1458286,1486660850
1486660322,219623866,65062049.0,1458286,1486660850
1486659079,219615685,4091969.0,1458286,1486660850
1486658747,219618938,1610198.0,1458286,1486660850
1486658215,219611919,365193.0,1458286,1486660850
1486660120,219621834,2791202.0,1458286,1486660850
1486659728,219621162,41437860.0,1458286,1486660850
1486660575,219626325,1606712452.0,1458286,1486660850
1486657631,219608921,361850238.0,1458286,1486660850
1486659257,219616021,9988181.0,1458286,1486660850
1486657789,219611122,6572272.0,1458286,1486660850
1486659794,219621273,1764120.0,1458286,1486660850
1486658412,219612264,5779890.0,1458286,1486660850
1486658276,219614012,1721800.0,1458286,1486660850
1486657582,219608831,6416800.0,1458286,1486660850
1486653856,219589219,97492623.0,1458286,1486660850
1486658122,219613684,72016015.0,1458286,1486660850
1486658407,219612250,68714245.0,1458286,1486660850
1486658710,219615044,67056105.0,1458286,1486660850
1486659011,219615555,66610430.0,1458286,1486660850
1486659308,219619967,65861639.0,1458286,1486660850
1486658130,219609880,166485245.0,1458286,1486660850
1486658882,219617131,7164620555.0,1458286,1486660850
1486659062,219615644,12642143084.0,1458286,1486660850
1486658706,219618866,5078715627.0,1458286,1486660850
1486659366,219617982,1433197054.0,1458286,1486660850
1486659722,219622887,777445784.0,1458286,1486660850
1486659782,219621260,574834176.0,1458286,1486660850
1486660082,219621752,342350257.0,1458286,1486660850
1486660202,219621951,209669702.0,1458286,1486660850
1486658781,219616977,6472214655.0,1458286,1486660850
1486658043,219613501,2612893757.0,1458286,1486660850
1486657742,219609131,1028344543.0,1458286,1486660850
1486658162,219609959,6640529913.0,1458286,1486660850
1486658282,219612011,15557843084.0,1458286,1486660850
1486658956,219619295,10566081784.0,1458286,1486660850
1486659086,219615697,16598718.0,1458286,1486660850
1486659353,219616261,864812632.0,1458286,1486660850
1486659427,219616428,435839797.0,1458286,1486660850
1486659482,219616539,215420995.0,1458286,1486660850
1486658643,219614927,4055541495.0,1458286,1486660850
1486660443,219626116,6480898478.0,1458286,1486660850
1486659182,219615845,18479827621.0,1458286,1486660850
1486658523,219612456,10931912.0,1458286,1486660850
1486660262,219623767,25629790.0,1458286,1486660850
1486659545,219618348,5091394.0,1458286,1486660850
1486659662,219618664,3710018.0,1458286,1486660850
1486659609,219620938,1967932.0,1458286,1486660850
1486659963,219623284,7551770.0,1458286,1486660850
1486660035,219625448,5204597.0,1458286,1486660850
1486660502,219622407,133358436.0,1458286,1486660850
1486660622,219624404,42249500.0,1458286,1486660850
1486658894,219617151,2720809089.0,1458286,1486660850
1486659923,219623227,456500426.0,1458286,1486660850
1486659604,219620916,2468025.0,1458286,1486660850
1486657932,219613301,1617550308.0,1458286,1486660850
1486660394,219623988,219927003.0,1458286,1486660850
1486660816,219626755,147827439.0,1458286,1486660850
1486658173,219609977,105409134.0,1458286,1486660850
1486657998,219609592,28455118.0,1458286,1486660850
1486658051,219613523,199954045.0,1458286,1486660850
1486659495,219618235,6933345.0,1458286,1486660850
1486658355,219612170,1669972156.0,1458286,1486660850
1486658173,219609978,2084927628.0,1458286,1486660850
1486658243,219613946,3087550923.0,1458286,1486660850
1486660850,219624784,841837739.0,1458286,1486660850
1486658796,219619023,1279484.0,1458286,1486660850
1486657751,219611049,1570979925.0,1458286,1486660850
1486659350,219617952,1548541093.0,1458286,1486660850
1486658392,219610408,5726963724.0,1458286,1486660850
1486658178,219609990,2196501363.0,1458286,1486660850
1486658436,219614275,35792156.0,1458286,1486660850
1486660850,219624785,7155603359.0,1458286,1486660850
1486657703,219609053,17828510.0,1458286,1486660850
1486659115,219615742,7245942.0,1458286,1486660850
1486659145,219615793,2736340.0,1458286,1486660850
1486659613,219620950,1262731.0,1458286,1486660850
1486659728,219622894,1185680.0,1458286,1486660850
1486660574,219622563,1129973.0,1458286,1486660850
1486658685,219616801,14075724684.0,1458286,1486660850
1486660850,219624786,833442884.0,1458286,1486660850
1486660850,219624787,775902088.0,1458286,1486660850
1486660850,219624788,760894491.0,1458286,1486660850
1486660850,219624789,757066647.0,1458286,1486660850
1486660850,219624790,752576456.0,1458286,1486660850
1486660850,219624791,732644271.0,1458286,1486660850
1486659350,219620060,665513496.0,1458286,1486660850
1486659366,219617979,624685652.0,1458286,1486660850
1486659437,219618119,362157323.0,1458286,1486660850
1486659464,219618177,348803535.0,1458286,1486660850
1486659470,219618189,343795691.0,1458286,1486660850
1486659542,219620761,328980586.0,1458286,1486660850
1486659556,219618377,324793357.0,1458286,1486660850
1486659583,219618429,323447008.0,1458286,1486660850
1486659982,219621565,313405239.0,1458286,1486660850
1486659999,219623337,302482318.0,1458286,1486660850
1486660137,219625595,301304766.0,1458286,1486660850
1486660178,219621911,160279655.0,1458286,1486660850
1486660183,219621917,157632544.0,1458286,1486660850
1486660265,219622029,154379090.0,1458286,1486660850
1486660364,219622198,152651246.0,1458286,1486660850
1486660501,219624179,151371290.0,1458286,1486660850
1486660506,219622412,149724347.0,1458286,1486660850
1486660623,219626425,148033499.0,1458286,1486660850
1486660628,219626434,147472545.0,1458286,1486660850
1486660722,219624564,146887248.0,1458286,1486660850
1486660750,219624605,136859404.0,1458286,1486660850
1486657555,219610689,84469673.0,1458286,1486660850
1486658752,219615120,946688781.0,1458286,1486660850
1486659255,219619836,990516732.0,1458286,1486660850
1486658876,219619155,965488658.0,1458286,1486660850
1486658335,219610307,722479803.0,1458286,1486660850
1486659833,219625117,999972161.0,1458286,1486660850
1486658956,219615466,984789150.0,1458286,1486660850
1486658364,219614154,831149844.0,1458286,1486660850
1486659429,219620215,2316418086.0,1458286,1486660850
1486659260,219616033,994286865.0,1458286,1486660850
1486658263,219610158,711337682.0,1458286,1486660850
1486657718,219610994,102148944.0,1458286,1486660850
1486659664,219620740,85621105.0,1458286,1486660850
1486659827,219621323,999972408.0,1458286,1486660850
1486657814,219611170,138273575.0,1458286,1486660850
1486659719,219622883,217853021.0,1458286,1486660850
1486658097,219609794,1201441.0,1458286,1486660850
1486659786,219625034,27206121.0,1458286,1486660850
1486660201,219623666,22178282.0,1458286,1486660850
1486660233,219621996,20850443.0,1458286,1486660850
1486659531,219620747,999972285.0,1458286,1486660850
1486660306,219625879,6322728.0,1458286,1486660850
1486660420,219626076,5978346.0,1458286,1486660850
1486657953,219609506,261091496.0,1458286,1486660850
1486660299,219623830,259363781.0,1458286,1486660850
1486660365,219625991,243735942.0,1458286,1486660850
1486660365,219623939,202908103.0,1458286,1486660850
1486660582,219626345,184880387.0,1458286,1486660850
1486660640,219624435,183352548.0,1458286,1486660850
1486660690,219626528,167924709.0,1458286,1486660850
1486660690,219624512,165276870.0,1458286,1486660850
1486660692,219622757,130249031.0,1458286,1486660850
1486660697,219626545,128821315.0,1458286,1486660850
1486660744,219626945,127693476.0,1458286,1486660850
1486660750,219626638,122856877.0,1458286,1486660850
1486658728,219616878,940116610.0,1458286,1486660850
1486658391,219614193,23130746.0,1458286,1486660850
1486660193,219621934,14875222.0,1458286,1486660850
1486658782,219616978,14312792.0,1458286,1486660850
1486657884,219613218,154004626.0,1458286,1486660850
1486659328,219620020,2694680.0,1458286,1486660850
1486660061,219621707,7827840.0,1458286,1486660850
1486658107,219609823,27809760.0,1458286,1486660850
1486660061,219621706,4403992.0,1458286,1486660850
1486658306,219614059,730076560.0,1458286,1486660850
1486658175,219609983,1131819.0,1458286,1486660850
1486659461,219620283,20022369.0,1458286,1486660850
1486659018,219619387,20777303.0,1458286,1486660850
1486657947,219613333,14872376.0,1458286,1486660850
1486660061,219623442,40131930.0,1458286,1486660850
1486658945,219619272,19980755.0,1458286,1486660850
1486660061,219621705,20981254.0,1458286,1486660850
1486658166,219609965,784902324.0,1458286,1486660850
1486660061,219621709,34283451.0,1458286,1486660850
1486660061,219623441,11444269.0,1458286,1486660850
1486660061,219621710,15911262.0,1458286,1486660850
1486658933,219615410,47822400.0,1458286,1486660850
1486649262,219563887,10132416267.0,1458286,1486660850
1486657979,219611437,2972472703.0,1458286,1486660850
1486659100,219615716,5687994.0,1458286,1486660850
1486658314,219610264,2275862242.0,1458286,1486660850
1486658120,219611711,7808277.0,1458286,1486660850
1486659688,219622833,487574854.0,1458286,1486660850
1486657615,219608899,9180918.0,1458286,1486660850
1486657901,219609411,1821144344.0,1458286,1486660850
1486658633,219614910,38472472.0,1458286,1486660850
1486658143,219613741,595204760.0,1458286,1486660850
1486659765,219622964,433659401.0,1458286,1486660850
1486659822,219625100,5460623.0,1458286,1486660850
1486658766,219616946,3601405.0,1458286,1486660850
1486659062,219617404,11372703.0,1458286,1486660850
1486657610,219610802,2024316.0,1458286,1486660850
1486657903,219613236,1375471652.0,1458286,1486660850
1486660810,219626740,247944018.0,1458286,1486660850
1486657978,219611436,73922820.0,1458286,1486660850
1486660201,219623667,100535861.0,1458286,1486660850
1486658788,219619005,4914415.0,1458286,1486660850
1486659100,219617478,760172703.0,1458286,1486660850
1486658559,219614493,1697511148.0,1458286,1486660850
1486659852,219625150,999973120.0,1458286,1486660850
1486659054,219619461,101323880.0,1458286,1486660850
1486657817,219613107,8073645.0,1458286,1486660850
1486658197,219613863,59801004.0,1458286,1486660850
1486660513,219622431,2486048977.0,1458286,1486660850
1486658553,219614787,137672200.0,1458286,1486660850
1486659531,219618313,2332915.0,1458286,1486660850
1486657927,219611357,10112643.0,1458286,1486660850
1486658655,219616751,32122928.0,1458286,1486660850
1486660155,219623591,61609525.0,1458286,1486660850
1486660850,219624792,468198.0,1458286,1486660850
1486658158,219613780,183584591.0,1458286,1486660850
1486659925,219625270,191609140.0,1458286,1486660850
1486659613,219618537,1974808779.0,1458286,1486660850
1486659461,219620282,215721000.0,1458286,1486660850
1486657837,219613134,18196714.0,1458286,1486660850
1486660506,219624194,27222610.0,1458286,1486660850
1486659313,219617871,1782151796.0,1458286,1486660850
1486658645,219616732,49663120.0,1458286,1486660850
1486658247,219613950,101238940.0,1458286,1486660850
1486658414,219610449,9814977.0,1458286,1486660850
1486658567,219612522,103176395.0,1458286,1486660850
1486659013,219615560,1384265050.0,1458286,1486660850
1486658116,219611698,473528947.0,1458286,1486660850
1486659829,219623065,30924634.0,1458286,1486660850
1486658816,219617022,11769714.0,1458286,1486660850
1486660213,219623690,2092017933.0,1458286,1486660850
1486658475,219612380,217129177.0,1458286,1486660850
1486658417,219614235,1038032921.0,1458286,1486660850
1486658895,219617153,1030340782.0,1458286,1486660850
1486659134,219619588,1024164237.0,1458286,1486660850
1486659134,219619589,1014137237.0,1458286,1486660850
1486659498,219618246,957645098.0,1458286,1486660850
1486660366,219623942,758471446.0,1458286,1486660850
1486658714,219615053,511358009.0,1458286,1486660850
1486659884,219625204,2499973000.0,1458286,1486660850
1486659912,219623202,2499180880.0,1458286,1486660850
1486658636,219616712,7608465.0,1458286,1486660850
1486658709,219615041,1903281.0,1458286,1486660850
1486659910,219623200,994946000.0,1458286,1486660850
1486660430,219622306,13318110.0,1458286,1486660850
1486660813,219627085,4335200926.0,1458286,1486660850
1486659734,219624956,21367810.0,1458286,1486660850
1486658438,219610494,9379350.0,1458286,1486660850
1486659550,219620468,271362702.0,1458286,1486660850
1486658492,219612409,9206900.0,1458286,1486660850
1486659621,219620619,4668081.0,1458286,1486660850
1486658888,219617141,8233462.0,1458286,1486660850
1486658764,219618966,2785039.0,1458286,1486660850
1486659456,219620268,1242116.0,1458286,1486660850
1486659847,219625143,973281600.0,1458286,1486660850
1486660753,219624609,1817905.0,1458286,1486660850
1486658263,219611990,494800.0,1458286,1486660850
1486659499,219618253,241012200.0,1458286,1486660850
1486658010,219613453,101780300.0,1458286,1486660850
1486657637,219608943,78090424.0,1458286,1486660850
1486659685,219622828,966461306.0,1458286,1486660850
1486659596,219618466,759831600.0,1458286,1486660850
1486657929,219613295,4311600.0,1458286,1486660850
1486658786,219616985,32786592.0,1458286,1486660850
1486660842,219626810,4396726.0,1458286,1486660850
1486660540,219626270,3389755.0,1458286,1486660850
1486658140,219611772,13135669.0,1458286,1486660850
1486658508,219612432,20683551.0,1458286,1486660850
1486659802,219621286,242291747.0,1458286,1486660850
1486658038,219611520,5475782.0,1458286,1486660850
1486660083,219623476,6301701.0,1458286,1486660850
1486657718,219610995,22010437.0,1458286,1486660850
1486659210,219615910,187755797.0,1458286,1486660850
1486658924,219615392,22673336.0,1458286,1486660850
1486660332,219622158,19503384.0,1458286,1486660850
1486659313,219617873,191002782.0,1458286,1486660850
1486657852,219611230,6427390510.0,1458286,1486660850
1486658836,219619098,2476640.0,1458286,1486660850
1486657998,219613435,10708351.0,1458286,1486660850
1486660293,219622088,286576.0,1458286,1486660850
1486659798,219621279,6000000.0,1458286,1486660850
1486660152,219623585,2077083.0,1458286,1486660850
1486657776,219609181,4970000.0,1458286,1486660850
1486659637,219618610,242291747.0,1458286,1486660850
1486658721,219616872,3862404.0,1458286,1486660850
1486658898,219619185,3092856.0,1458286,1486660850
1486659556,219620802,242291747.0,1458286,1486660850
1486659169,219619645,1211791.0,1458286,1486660850
1486659612,219620591,242291747.0,1458286,1486660850
1486659928,219623232,13911287.0,1458286,1486660850
1486659839,219621337,242291747.0,1458286,1486660850
1486658950,219617226,5129253.0,1458286,1486660850
1486659572,219618405,3754919.0,1458286,1486660850
1486660581,219626342,6157208.0,1458286,1486660850
1486659669,219622802,242291747.0,1458286,1486660850
1486657910,219613251,18740005.0,1458286,1486660850
1486659503,219616596,242291747.0,1458286,1486660850
1486660826,219626772,3429080.0,1458286,1486660850
1486660418,219622287,18174143.0,1458286,1486660850
1486659556,219620801,8617232.0,1458286,1486660850
1486658675,219614989,36471325.0,1458286,1486660850
1486658245,219613949,4279303.0,1458286,1486660850
1486658940,219615427,6172232.0,1458286,1486660850
1486659871,219623141,242291747.0,1458286,1486660850
1486660506,219624193,9575839.0,1458286,1486660850
1486657948,219611392,960000.0,1458286,1486660850
1486658227,219610101,52446510.0,1458286,1486660850
1486659819,219621313,2810000.0,1458286,1486660850
1486658573,219614820,4951006754.0,1458286,1486660850
1486660578,219622568,4035916.0,1458286,1486660850
1486657813,219611164,2525048.0,1458286,1486660850
1486659281,219619887,2181781.0,1458286,1486660850
1486659866,219625178,2015938.0,1458286,1486660850
1486658105,219611665,10126720.0,1458286,1486660850
1486660579,219624326,2490200.0,1458286,1486660850
1486659261,219619849,7878921.0,1458286,1486660850
1486658755,219616927,980949.0,1458286,1486660850
1486659508,219620393,51484989.0,1458286,1486660850
1486658713,219615050,352170044.0,1458286,1486660850
1486658267,219613994,121942218.0,1458286,1486660850
1486658651,219618765,265618445.0,1458286,1486660850
1486658782,219618998,200000.0,1458286,1486660850
1486658436,219614274,17379675.0,1458286,1486660850
1486658028,219611506,300132129.0,1458286,1486660850
1486658905,219619198,11784549.0,1458286,1486660850
1486660409,219622272,133790558.0,1458286,1486660850
1486660316,219622132,36060692.0,1458286,1486660850
1486659803,219621288,4950000.0,1458286,1486660850
1486659806,219625075,9950000.0,1458286,1486660850
1486659809,219623030,9950000.0,1458286,1486660850
1486659367,219616294,234433531.0,1458286,1486660850
1486658346,219612148,34652870.0,1458286,1486660850
1486659192,219615870,859920553.0,1458286,1486660850
1486659252,219616000,304390089.0,1458286,1486660850
1486658042,219609673,1014100899.0,1458286,1486660850
1486657747,219612986,164145654.0,1458286,1486660850
1486657939,219611374,4909416.0,1458286,1486660850
1486659426,219616424,12007559.0,1458286,1486660850
1486658466,219614341,35894647.0,1458286,1486660850
1486658047,219609685,214754047.0,1458286,1486660850
1486659488,219618217,16840352.0,1458286,1486660850
1486658286,219614028,415363.0,1458286,1486660850
1486659306,219616139,73740484.0,1458286,1486660850
1486658886,219615334,1809932.0,1458286,1486660850
1486660165,219623611,1314300.0,1458286,1486660850
