1486657563,219612703,1369388128.0,1458284,1486657563
1486657287,219606104,176167196.0,1458284,1486657563
1486657506,219608671,56985773.0,1458284,1486657563
1486657563,219608791,4080276.0,1458284,1486657563
1486657404,219608222,122140558.0,1458284,1486657563
1486657297,219604201,408325953.0,1458284,1486657563
1486657297,219606128,425245996.0,1458284,1486657563
1486657285,219604181,26034783.0,1458284,1486657563
1486657286,219604183,135192626.0,1458284,1486657563
1486657384,219606267,354490176.0,1458284,1486657563
1486657271,219606073,260004.0,1458284,1486657563
1486657504,219608402,308255949.0,1458284,1486657563
1486657487,219608637,7454520.0,1458284,1486657563
1486657362,219606226,59720387.0,1458284,1486657563
1486657223,219607885,278368279.0,1458284,1486657563
1486657525,219608711,17152508.0,1458284,1486657563
1486657442,219608289,4993481.0,1458284,1486657563
1486657381,219604355,544365382.0,1458284,1486657563
1486657442,219608290,2556129751.0,1458284,1486657563
1486657213,219604049,46493745.0,1458284,1486657563
1486657351,219606200,22629305.0,1458284,1486657563
1486657481,219610552,21893510.0,1458284,1486657563
1486657320,219608062,1898091.0,1458284,1486657563
1486657438,219608546,28344602.0,1458284,1486657563
1486657424,219608264,120656167.0,1458284,1486657563
1486657314,219608053,3716086.0,1458284,1486657563
1486657335,219604275,9207390.0,1458284,1486657563
1486657294,219608027,14150554.0,1458284,1486657563
1486657297,219608035,107524408.0,1458284,1486657563
1486657514,219610610,26180933.0,1458284,1486657563
1486657502,219610582,16999197.0,1458284,1486657563
1486655341,219598380,1558188167.0,1458284,1486657563
1486655342,219600284,1556208739.0,1458284,1486657563
1486657482,219608630,103930252.0,1458284,1486657563
1486655344,219596468,1553087749.0,1458284,1486657563
1486655345,219598389,1550170660.0,1458284,1486657563
1486655346,219600297,1543405458.0,1458284,1486657563
1486655351,219596478,1541098438.0,1458284,1486657563
1486655355,219596483,1539122224.0,1458284,1486657563
1486655356,219600325,1535900086.0,1458284,1486657563
1486655358,219596490,1510597468.0,1458284,1486657563
1486655359,219600330,1506332033.0,1458284,1486657563
1486655406,219598523,1492445362.0,1458284,1486657563
1486655407,219598525,1490052080.0,1458284,1486657563
1486655408,219600418,1485443174.0,1458284,1486657563
1486655409,219598535,1480631129.0,1458284,1486657563
1486655411,219598540,1471989779.0,1458284,1486657563
1486655413,219598544,1451845287.0,1458284,1486657563
1486655415,219600434,1449292267.0,1458284,1486657563
1486655417,219600440,1444468929.0,1458284,1486657563
1486655418,219600444,1442002822.0,1458284,1486657563
1486655420,219596637,1431826596.0,1458284,1486657563
1486655421,219600447,1415733618.0,1458284,1486657563
1486655422,219598555,1413756648.0,1458284,1486657563
1486655424,219596642,1409496378.0,1458284,1486657563
1486655425,219596647,1361721208.0,1458284,1486657563
1486655426,219598562,1314273462.0,1458284,1486657563
1486657219,219605975,13696003098.0,1458284,1486657563
1486657401,219608487,12275020514.0,1458284,1486657563
1486657276,219607978,611560.0,1458284,1486657563
1486657280,219606089,790362.0,1458284,1486657563
1486657460,219610511,3109738.0,1458284,1486657563
1486657506,219610593,4518018031.0,1458284,1486657563
1486655027,219591775,74934409.0,1458284,1486657563
1486657520,219610623,50950000.0,1458284,1486657563
1486657388,219606276,17507136.0,1458284,1486657563
1486657295,219604200,1810000.0,1458284,1486657563
1486657363,219608147,1022000.0,1458284,1486657563
1486657210,219605962,1022000.0,1458284,1486657563
1486657312,219604224,19618933.0,1458284,1486657563
1486657375,219608167,6173338.0,1458284,1486657563
1486657401,219606293,233015637.0,1458284,1486657563
1486657331,219608083,7915804107.0,1458284,1486657563
1486657336,219606176,33640980.0,1458284,1486657563
1486657334,219604272,7266543519.0,1458284,1486657563
1486657328,219608077,8247656696.0,1458284,1486657563
1486657509,219610602,99940000.0,1458284,1486657563
1486657352,219608121,6064928530.0,1458284,1486657563
1486657335,219608092,6458616.0,1458284,1486657563
1486657362,219606227,487212925.0,1458284,1486657563
1486657295,219608029,830712000.0,1458284,1486657563
1486657368,219608159,3950000.0,1458284,1486657563
1486657440,219608284,1304618082.0,1458284,1486657563
1486657206,219604032,19450000.0,1458284,1486657563
1486657474,219608351,2686874818.0,1458284,1486657563
1486657485,219610556,40950000.0,1458284,1486657563
1486656832,219607176,359974000.0,1458284,1486657563
1486656833,219603387,359596400.0,1458284,1486657563
1486656834,219607180,359388800.0,1458284,1486657563
1486656835,219605258,359211200.0,1458284,1486657563
1486656836,219603395,358813600.0,1458284,1486657563
1486656837,219603400,358116000.0,1458284,1486657563
1486656838,219603402,357638400.0,1458284,1486657563
1486656839,219607197,356700800.0,1458284,1486657563
1486656840,219607200,356553200.0,1458284,1486657563
1486656841,219603411,355885600.0,1458284,1486657563
1486656842,219603412,355158000.0,1458284,1486657563
1486656843,219607207,354650400.0,1458284,1486657563
1486656844,219605275,351072800.0,1458284,1486657563
1486656845,219605278,348135200.0,1458284,1486657563
1486656846,219605282,347197600.0,1458284,1486657563
1486656847,219603424,346620000.0,1458284,1486657563
1486656848,219605284,346402400.0,1458284,1486657563
1486656849,219603434,346154800.0,1458284,1486657563
1486656850,219607231,339787200.0,1458284,1486657563
1486656851,219607234,339599600.0,1458284,1486657563
1486656852,219605293,339332000.0,1458284,1486657563
1486656853,219607241,338724400.0,1458284,1486657563
1486656854,219607244,338416800.0,1458284,1486657563
1486657218,219607875,1960000.0,1458284,1486657563
1486657507,219610597,12553300.0,1458284,1486657563
1486657434,219606354,55784555.0,1458284,1486657563
1486657396,219608482,13272800.0,1458284,1486657563
1486657266,219607961,192475007.0,1458284,1486657563
1486657542,219610664,194944800.0,1458284,1486657563
1486657503,219608667,12537861.0,1458284,1486657563
1486657277,219604166,95655200.0,1458284,1486657563
1486657394,219608198,354973.0,1458284,1486657563
1486657261,219606050,25928516.0,1458284,1486657563
1486657261,219607947,19845690.0,1458284,1486657563
1486657497,219610577,1607885.0,1458284,1486657563
1486657261,219606048,1928675.0,1458284,1486657563
1486657261,219606049,4901586.0,1458284,1486657563
1486657381,219604356,204989652.0,1458284,1486657563
1486657539,219608739,5995032.0,1458284,1486657563
1486657341,219608101,50249893442.0,1458284,1486657563
1486657331,219606165,1831129.0,1458284,1486657563
1486657214,219604053,10630198481.0,1458284,1486657563
1486657483,219608631,270481719.0,1458284,1486657563
1486657544,219610668,19420786.0,1458284,1486657563
1486657549,219612592,1181485387.0,1458284,1486657563
1486657539,219608743,900000.0,1458284,1486657563
1486657366,219608151,3000000.0,1458284,1486657563
1486657367,219608154,440610366.0,1458284,1486657563
1486657493,219610566,977795653.0,1458284,1486657563
1486657231,219607899,49127900.0,1458284,1486657563
1486657209,219607852,199960000.0,1458284,1486657563
1486657225,219607887,234815463.0,1458284,1486657563
1486657443,219608553,485016273.0,1458284,1486657563
1486657335,219606173,300000.0,1458284,1486657563
1486657211,219607861,945848.0,1458284,1486657563
1486657300,219604209,99966568.0,1458284,1486657563
1486657210,219605960,122347183.0,1458284,1486657563
1486657329,219604260,61236173.0,1458284,1486657563
1486657447,219608297,200000.0,1458284,1486657563
1486657395,219608479,1093878.0,1458284,1486657563
1486657475,219608612,50000.0,1458284,1486657563
1486657395,219608478,600000.0,1458284,1486657563
1486657374,219606248,3473788.0,1458284,1486657563
1486657406,219608491,40699790.0,1458284,1486657563
1486657281,219604172,2000000.0,1458284,1486657563
1486657280,219607993,1000000.0,1458284,1486657563
1486657354,219606207,122641556.0,1458284,1486657563
1486657409,219608494,200000.0,1458284,1486657563
1486657412,219608242,90000.0,1458284,1486657563
1486657382,219608175,5653810.0,1458284,1486657563
1486657388,219608468,10040.0,1458284,1486657563
1486657260,219607942,527824.0,1458284,1486657563
1486657261,219607950,31450082.0,1458284,1486657563
1486657400,219608210,633460140.0,1458284,1486657563
1486657300,219606132,1416305087.0,1458284,1486657563
1486657336,219606178,1780264.0,1458284,1486657563
1486657318,219608057,88430971.0,1458284,1486657563
1486657209,219604039,119632.0,1458284,1486657563
1486657433,219608536,102095920.0,1458284,1486657563
1486657368,219608156,181484322.0,1458284,1486657563
1486657260,219604136,119632.0,1458284,1486657563
1486657554,219608777,15531497.0,1458284,1486657563
1486657266,219607963,22950431.0,1458284,1486657563
1486657237,219606003,5816702.0,1458284,1486657563
1486657518,219608692,45466130914.0,1458284,1486657563
1486657524,219610634,31806000.0,1458284,1486657563
1486657326,219604247,85117024.0,1458284,1486657563
1486657280,219604170,179161986.0,1458284,1486657563
1486657526,219608713,9174863.0,1458284,1486657563
1486657432,219608530,900490.0,1458284,1486657563
1486657415,219608249,100000.0,1458284,1486657563
1486657412,219608241,19171314600.0,1458284,1486657563
1486657266,219607960,860027176.0,1458284,1486657563
1486657447,219608300,5971080.0,1458284,1486657563
1486657436,219606357,47684148.0,1458284,1486657563
1486657533,219608724,8365638.0,1458284,1486657563
1486657506,219608670,101300.0,1458284,1486657563
1486657208,219605954,5006883.0,1458284,1486657563
1486657464,219610521,1681233980.0,1458284,1486657563
1486657504,219610588,202600.0,1458284,1486657563
1486657228,219607893,5011152.0,1458284,1486657563
1486657247,219604115,1465855636.0,1458284,1486657563
1486657417,219608505,841145166.0,1458284,1486657563
1486657212,219604047,488061583.0,1458284,1486657563
1486657443,219608291,22014628.0,1458284,1486657563
1486657242,219607918,1533371485.0,1458284,1486657563
1486657352,219604302,1084846254.0,1458284,1486657563
1486657439,219608282,9367025.0,1458284,1486657563
1486657360,219608138,510632.0,1458284,1486657563
1486657224,219604068,2618642.0,1458284,1486657563
1486657326,219606157,17290545.0,1458284,1486657563
1486657462,219610515,309917.0,1458284,1486657563
1486657332,219604269,629358.0,1458284,1486657563
1486657488,219608377,3337968.0,1458284,1486657563
1486657454,219606399,4762403.0,1458284,1486657563
1486657247,219604114,3601077.0,1458284,1486657563
1486657359,219608137,32255994.0,1458284,1486657563
1486657339,219604286,64395615.0,1458284,1486657563
1486657555,219610685,1400490.0,1458284,1486657563
1486657543,219612573,850000.0,1458284,1486657563
1486657303,219604213,123707884.0,1458284,1486657563
1486657472,219610533,7271992.0,1458284,1486657563
1486657385,219606270,2772016.0,1458284,1486657563
1486657240,219606009,1572794.0,1458284,1486657563
1486657347,219606194,581156.0,1458284,1486657563
1486657531,219608721,7351107.0,1458284,1486657563
1486657335,219608091,22711524.0,1458284,1486657563
1486657224,219604067,6721360.0,1458284,1486657563
1486657480,219608360,63726773.0,1458284,1486657563
1486657480,219608361,4950000.0,1458284,1486657563
1486657385,219606269,212113.0,1458284,1486657563
1486657332,219604267,141239848.0,1458284,1486657563
1486657236,219607909,75074608.0,1458284,1486657563
1486657452,219608308,4402105.0,1458284,1486657563
1486657495,219610570,940000.0,1458284,1486657563
1486657420,219606329,247102.0,1458284,1486657563
1486657234,219606028,1271870760.0,1458284,1486657563
1486657545,219610670,24645354.0,1458284,1486657563
1486657474,219608353,4619189.0,1458284,1486657563
1486657283,219604175,289189120.0,1458284,1486657563
1486657461,219608327,34851560.0,1458284,1486657563
1486657534,219612557,4356902.0,1458284,1486657563
1486657312,219608051,100000.0,1458284,1486657563
1486657534,219610649,98407459.0,1458284,1486657563
1486657372,219606241,7270904.0,1458284,1486657563
1486657369,219606236,45449880.0,1458284,1486657563
1486657521,219608700,13174441.0,1458284,1486657563
1486657267,219604146,5187528.0,1458284,1486657563
1486657293,219604196,600000.0,1458284,1486657563
1486657232,219607902,322183573.0,1458284,1486657563
1486657414,219608501,552500.0,1458284,1486657563
1486657216,219607871,614864.0,1458284,1486657563
1486657373,219604341,200000.0,1458284,1486657563
1486657516,219608690,597916.0,1458284,1486657563
1486657545,219612583,570187240.0,1458284,1486657563
1486657554,219608778,94717984.0,1458284,1486657563
1486657220,219604063,192360238.0,1458284,1486657563
1486657263,219607952,50000.0,1458284,1486657563
1486657462,219608332,60858453.0,1458284,1486657563
1486657208,219607851,9746726559.0,1458284,1486657563
1486657364,219606230,14051769.0,1458284,1486657563
1486657480,219608622,202634.0,1458284,1486657563
1486657457,219608320,4768176.0,1458284,1486657563
1486657433,219608537,729098.0,1458284,1486657563
1486657318,219608056,21267145.0,1458284,1486657563
1486657332,219604266,97073313036.0,1458284,1486657563
1486657345,219604293,3908269.0,1458284,1486657563
1486657272,219606076,380400.0,1458284,1486657563
1486657268,219604147,378300.0,1458284,1486657563
1486657234,219607908,320937.0,1458284,1486657563
1486657260,219606047,52126.0,1458284,1486657563
1486657447,219608298,93994.0,1458284,1486657563
1486657559,219610699,861354.0,1458284,1486657563
1486657492,219608383,34000.0,1458284,1486657563
1486657548,219612591,1218154.0,1458284,1486657563
1486657276,219606079,10640.0,1458284,1486657563
1486657486,219608636,10320.0,1458284,1486657563
1486657302,219606135,2168354.0,1458284,1486657563
1486657323,219604240,5585000.0,1458284,1486657563
1486657290,219608021,33072462.0,1458284,1486657563
1486657475,219608613,1068640.0,1458284,1486657563
1486657260,219604138,732290189.0,1458284,1486657563
1486657495,219608388,6348640.0,1458284,1486657563
1486657515,219610613,1135360.0,1458284,1486657563
1486657221,219605978,700931416.0,1458284,1486657563
1486657446,219608296,8968360.0,1458284,1486657563
1486657205,219605946,124096.0,1458284,1486657563
1486657343,219604291,34983813.0,1458284,1486657563
1486657261,219607945,2068360.0,1458284,1486657563
1486657506,219608406,207058.0,1458284,1486657563
1486657372,219606242,3788360.0,1458284,1486657563
1486657524,219608707,19968360.0,1458284,1486657563
1486657396,219606286,99948360.0,1458284,1486657563
1486657312,219604227,34643246.0,1458284,1486657563
1486657492,219608645,9712125.0,1458284,1486657563
1486657485,219610557,2018744.0,1458284,1486657563
1486657297,219608033,5320676.0,1458284,1486657563
1486657260,219607943,1651928.0,1458284,1486657563
1486657470,219610531,7695597.0,1458284,1486657563
1486657225,219607888,714968360.0,1458284,1486657563
1486657432,219608533,5060103.0,1458284,1486657563
1486657420,219606327,2119360.0,1458284,1486657563
1486657308,219604218,6010701.0,1458284,1486657563
1486657260,219606045,730348903.0,1458284,1486657563
1486657520,219608437,4917905.0,1458284,1486657563
1486657533,219608726,5771320.0,1458284,1486657563
1486657228,219607890,720448742.0,1458284,1486657563
1486657330,219606161,5009954.0,1458284,1486657563
1486657457,219608318,27692306.0,1458284,1486657563
1486657406,219606304,1065032.0,1458284,1486657563
1486657430,219606345,3516734.0,1458284,1486657563
1486657518,219610618,19042020.0,1458284,1486657563
1486657536,219608735,4127130.0,1458284,1486657563
1486657529,219610638,5698960.0,1458284,1486657563
1486657284,219604180,3886720.0,1458284,1486657563
1486657205,219607848,214720.0,1458284,1486657563
1486657383,219608178,3895080.0,1458284,1486657563
1486657366,219604327,13707751.0,1458284,1486657563
1486657379,219606256,18323140.0,1458284,1486657563
1486657538,219610653,4968523.0,1458284,1486657563
1486657266,219607962,1866000.0,1458284,1486657563
1486657506,219608669,236479.0,1458284,1486657563
1486657480,219608620,37968488.0,1458284,1486657563
1486657260,219607944,93994.0,1458284,1486657563
1486657355,219606211,1437864.0,1458284,1486657563
1486657528,219608454,5675954.0,1458284,1486657563
1486657290,219604190,20224611.0,1458284,1486657563
1486657453,219608571,18996193.0,1458284,1486657563
1486657441,219608550,36268294.0,1458284,1486657563
1486657229,219607896,721047835.0,1458284,1486657563
1486657455,219608577,6272099.0,1458284,1486657563
1486657533,219610644,42297560.0,1458284,1486657563
1486657287,219604184,1389473204.0,1458284,1486657563
1486657312,219604228,1388197434.0,1458284,1486657563
1486657490,219608382,1382984554.0,1458284,1486657563
1486657457,219606409,1564360.0,1458284,1486657563
1486657339,219606182,37942560.0,1458284,1486657563
1486657234,219606000,721880485.0,1458284,1486657563
1486657447,219608299,14353239.0,1458284,1486657563
1486657454,219606400,9724694919.0,1458284,1486657563
1486657540,219610660,20317034.0,1458284,1486657563
1486657443,219608556,62567087.0,1458284,1486657563
1486657467,219610528,7268360.0,1458284,1486657563
1486657361,219608144,1056952.0,1458284,1486657563
1486657300,219604207,2280656.0,1458284,1486657563
1486657464,219608335,204397.0,1458284,1486657563
1486657439,219606361,2086893.0,1458284,1486657563
1486657428,219608522,65643463.0,1458284,1486657563
1486657279,219607990,12598360.0,1458284,1486657563
1486657383,219606263,512000.0,1458284,1486657563
1486657561,219608786,9908360.0,1458284,1486657563
1486657419,219606325,19247070.0,1458284,1486657563
1486657532,219612555,9843482.0,1458284,1486657563
1486657423,219606335,14168360.0,1458284,1486657563
1486657530,219610639,29212192.0,1458284,1486657563
1486657260,219604137,1651160.0,1458284,1486657563
1486657480,219608363,1630464.0,1458284,1486657563
1486657297,219608032,3750000.0,1458284,1486657563
1486657465,219610524,1499283.0,1458284,1486657563
1486657506,219608405,7915084.0,1458284,1486657563
1486657554,219610681,97047669528.0,1458284,1486657563
1486657291,219606119,10892660.0,1458284,1486657563
1486657310,219606143,214005039.0,1458284,1486657563
1486657423,219608261,2565183.0,1458284,1486657563
1486657465,219608594,36324991.0,1458284,1486657563
1486657304,219606137,12708360.0,1458284,1486657563
1486657539,219608742,19968360.0,1458284,1486657563
1486657554,219608776,20330876.0,1458284,1486657563
1486657466,219610527,94507396.0,1458284,1486657563
1486657260,219606046,732894980.0,1458284,1486657563
1486657447,219606376,9968500.0,1458284,1486657563
1486657460,219608325,2578360.0,1458284,1486657563
1486657206,219605948,124108.0,1458284,1486657563
1486657545,219608760,1139846.0,1458284,1486657563
1486657415,219608502,2037386.0,1458284,1486657563
1486657518,219610620,1280160.0,1458284,1486657563
1486657331,219608082,234430161.0,1458284,1486657563
1486657464,219610522,4830263.0,1458284,1486657563
1486657537,219608736,2772484.0,1458284,1486657563
1486657457,219606407,17883738.0,1458284,1486657563
1486657355,219608129,6901734.0,1458284,1486657563
1486657540,219608745,5685215.0,1458284,1486657563
1486657521,219608438,9968500.0,1458284,1486657563
1486657232,219605995,9968500.0,1458284,1486657563
1486657524,219610633,9968500.0,1458284,1486657563
1486657484,219608373,9968500.0,1458284,1486657563
1486657502,219610583,9968500.0,1458284,1486657563
1486657280,219607995,2690797.0,1458284,1486657563
1486657521,219610625,1308229.0,1458284,1486657563
1486657457,219608580,188599749.0,1458284,1486657563
1486657455,219608578,103427368.0,1458284,1486657563
1486657458,219608581,137507666.0,1458284,1486657563
1486657479,219610547,251526038.0,1458284,1486657563
1486657298,219604202,1121967.0,1458284,1486657563
1486657525,219608446,1354894.0,1458284,1486657563
1486657454,219606397,1585828956.0,1458284,1486657563
1486657561,219612608,5975384.0,1458284,1486657563
1486657517,219608428,130265222.0,1458284,1486657563
1486657563,219612704,27229381.0,1458284,1486657563
1486657228,219607894,209846610.0,1458284,1486657563
1486657478,219610546,53230905.0,1458284,1486657563
1486657534,219612559,1487236593.0,1458284,1486657563
1486657288,219608019,277571863.0,1458284,1486657563
1486657211,219607859,991414720.0,1458284,1486657563
1486657313,219604229,446201045.0,1458284,1486657563
1486657329,219608080,479633923.0,1458284,1486657563
1486657320,219608061,10465937602.0,1458284,1486657563
1486657260,219606044,3385271365.0,1458284,1486657563
1486657272,219606074,98020390.0,1458284,1486657563
1486657416,219606322,21669555.0,1458284,1486657563
1486657457,219606406,9968800.0,1458284,1486657563
1486657334,219606170,10040363.0,1458284,1486657563
1486657465,219608340,7294817.0,1458284,1486657563
1486657367,219606234,4081383.0,1458284,1486657563
1486657451,219608307,14887478.0,1458284,1486657563
1486657289,219604189,524785783.0,1458284,1486657563
1486657451,219608568,1264534.0,1458284,1486657563
1486657338,219604282,14709405.0,1458284,1486657563
1486657457,219606410,176067817.0,1458284,1486657563
1486657458,219608582,105016344.0,1458284,1486657563
1486657455,219606402,77430612.0,1458284,1486657563
1486657456,219608579,81335705.0,1458284,1486657563
1486657479,219610548,15572505.0,1458284,1486657563
1486657456,219606403,63111140.0,1458284,1486657563
1486657480,219608624,334756326.0,1458284,1486657563
1486657480,219610551,299797359.0,1458284,1486657563
1486657495,219610568,336998960.0,1458284,1486657563
1486657479,219608359,26464664.0,1458284,1486657563
1486657327,219604250,84171605.0,1458284,1486657563
1486657281,219604171,2869534.0,1458284,1486657563
1486657293,219606121,3184382.0,1458284,1486657563
1486657374,219606249,29814776.0,1458284,1486657563
1486657351,219604299,2107517.0,1458284,1486657563
1486657329,219604255,2193577.0,1458284,1486657563
1486657554,219610680,3919159627.0,1458284,1486657563
1486657549,219610674,2416915.0,1458284,1486657563
1486657523,219610631,8063268.0,1458284,1486657563
1486657483,219608371,1999953509.0,1458284,1486657563
1486657286,219608011,39870451.0,1458284,1486657563
1486657396,219608204,65710324.0,1458284,1486657563
1486657232,219605996,1542926.0,1458284,1486657563
1486657427,219608268,24749185.0,1458284,1486657563
1486657439,219606362,1361353.0,1458284,1486657563
1486657364,219604323,535815500.0,1458284,1486657563
1486657395,219608481,722984843.0,1458284,1486657563
1486657276,219607983,156813219.0,1458284,1486657563
1486657231,219607900,991519804.0,1458284,1486657563
1486657417,219608506,58695272.0,1458284,1486657563
1486657543,219608753,470416936.0,1458284,1486657563
1486657389,219606278,3381606852.0,1458284,1486657563
1486657516,219610614,3348515477.0,1458284,1486657563
1486657521,219610628,3346660430.0,1458284,1486657563
1486657542,219612572,3332261012.0,1458284,1486657563
1486657256,219606034,35984042.0,1458284,1486657563
1486657228,219605990,252787667.0,1458284,1486657563
1486657486,219608376,185460286.0,1458284,1486657563
1486657376,219606251,164758760.0,1458284,1486657563
1486657274,219604159,9350500.0,1458284,1486657563
1486657468,219608343,101000003.0,1458284,1486657563
1486657432,219608531,843315717.0,1458284,1486657563
1486657265,219604145,116879727.0,1458284,1486657563
1486657347,219604295,733289397.0,1458284,1486657563
1486657529,219608455,8400070000.0,1458284,1486657563
1486657255,219604125,262853629.0,1458284,1486657563
1486657438,219608547,492193520.0,1458284,1486657563
1486657395,219608199,413883359.0,1458284,1486657563
1486657388,219608470,73355880.0,1458284,1486657563
1486657276,219604164,77578792.0,1458284,1486657563
1486657352,219604304,4236198.0,1458284,1486657563
1486657469,219608345,29969664.0,1458284,1486657563
1486657521,219610624,178280993.0,1458284,1486657563
1486657354,219608127,344546308.0,1458284,1486657563
1486657518,219608696,161444313.0,1458284,1486657563
1486657461,219608590,377767860.0,1458284,1486657563
1486657422,219608512,502207384.0,1458284,1486657563
1486657484,219608633,502144404.0,1458284,1486657563
1486657372,219608165,3955020.0,1458284,1486657563
1486657210,219607858,275749189.0,1458284,1486657563
1486657421,219608258,3244310.0,1458284,1486657563
1486657364,219606231,271308980.0,1458284,1486657563
1486657337,219604280,98907420.0,1458284,1486657563
1486657312,219604226,1546138988.0,1458284,1486657563
1486657328,219604253,98699135.0,1458284,1486657563
1486657351,219606199,3632862114.0,1458284,1486657563
1486657457,219608317,689179343.0,1458284,1486657563
1486657357,219604311,131241091.0,1458284,1486657563
1486657389,219608188,25253978.0,1458284,1486657563
1486657255,219606030,1256855.0,1458284,1486657563
1486657368,219608158,459394794.0,1458284,1486657563
1486657551,219612596,2399900000.0,1458284,1486657563
1486657229,219607895,172400000.0,1458284,1486657563
1486657417,219608503,561380000.0,1458284,1486657563
1486657348,219608115,873550000.0,1458284,1486657563
1486657259,219606041,6259813.0,1458284,1486657563
1486657383,219606264,1661108442.0,1458284,1486657563
1486657250,219607927,191585640.0,1458284,1486657563
1486657410,219606308,65931000.0,1458284,1486657563
1486657474,219608611,119120162.0,1458284,1486657563
1486657413,219608499,25753534.0,1458284,1486657563
1486657232,219607903,2455020.0,1458284,1486657563
1486657390,219606279,7285484.0,1458284,1486657563
1486657411,219608238,100750.0,1458284,1486657563
1486657458,219608322,8133500.0,1458284,1486657563
1486657335,219604273,455020.0,1458284,1486657563
1486657251,219604120,907420.0,1458284,1486657563
1486657386,219608465,28063151.0,1458284,1486657563
1486657422,219608513,30080258.0,1458284,1486657563
1486657435,219608276,4155020.0,1458284,1486657563
1486657554,219610684,7631242.0,1458284,1486657563
1486657252,219606024,10728420.0,1458284,1486657563
1486657520,219610621,6739645412.0,1458284,1486657563
1486657404,219608224,25098740.0,1458284,1486657563
1486657265,219607957,919764520.0,1458284,1486657563
1486657389,219608472,191796920.0,1458284,1486657563
1486657315,219604231,15193120.0,1458284,1486657563
1486657450,219606383,422858126.0,1458284,1486657563
1486657228,219605989,1825195900.0,1458284,1486657563
1486657336,219604276,1383500.0,1458284,1486657563
1486657546,219608763,18031820.0,1458284,1486657563
1486657526,219608449,148955513.0,1458284,1486657563
1486657355,219606208,907420.0,1458284,1486657563
1486657272,219606077,107192611.0,1458284,1486657563
1486657232,219607905,1463500.0,1458284,1486657563
1486657226,219604070,327141260.0,1458284,1486657563
1486657349,219606195,2394068.0,1458284,1486657563
1486657555,219610686,2686481200.0,1458284,1486657563
1486657539,219608740,89353953.0,1458284,1486657563
1486657414,219606318,137594074.0,1458284,1486657563
1486657212,219604048,160232660.0,1458284,1486657563
1486657241,219604107,15193120.0,1458284,1486657563
1486657460,219608586,98554155.0,1458284,1486657563
1486657388,219608469,1596063462.0,1458284,1486657563
1486657544,219612577,1537685149.0,1458284,1486657563
1486657353,219608124,53296120.0,1458284,1486657563
1486657241,219604108,16837160.0,1458284,1486657563
1486657354,219606206,78601861.0,1458284,1486657563
1486657438,219608280,623754406.0,1458284,1486657563
1486657348,219608114,3955020.0,1458284,1486657563
1486657269,219604150,1202930340.0,1458284,1486657563
1486657296,219606127,1190158860.0,1458284,1486657563
1486657366,219604328,1190012480.0,1458284,1486657563
1486657326,219604246,20873120.0,1458284,1486657563
1486657509,219608414,26576540.0,1458284,1486657563
1486657231,219607897,138177411.0,1458284,1486657563
1486657385,219606271,262636983.0,1458284,1486657563
1486657559,219610701,212592003.0,1458284,1486657563
1486657559,219610702,212372023.0,1458284,1486657563
1486657449,219606380,146156064.0,1458284,1486657563
1486657257,219604131,92800000.0,1458284,1486657563
1486657542,219608752,1037259.0,1458284,1486657563
1486657284,219604179,1682006.0,1458284,1486657563
1486657277,219607986,1907200.0,1458284,1486657563
1486657253,219606025,326903656.0,1458284,1486657563
1486657289,219604187,154902000.0,1458284,1486657563
1486657364,219604325,52109420.0,1458284,1486657563
1486657395,219608477,16084293.0,1458284,1486657563
1486657541,219612567,33314336.0,1458284,1486657563
1486657406,219608230,81607880.0,1458284,1486657563
1486657501,219608398,3232384470.0,1458284,1486657563
1486657381,219604358,38171601.0,1458284,1486657563
1486657387,219606273,89871280.0,1458284,1486657563
1486657431,219608272,341091226.0,1458284,1486657563
1486657528,219608452,340983246.0,1458284,1486657563
1486657366,219606233,178397920.0,1458284,1486657563
1486657276,219607984,4697252.0,1458284,1486657563
1486657297,219606129,1028652.0,1458284,1486657563
1486657322,219608063,10431220.0,1458284,1486657563
1486657489,219610563,570138364.0,1458284,1486657563
1486656239,219602323,5111480.0,1458284,1486657563
1486656246,219600150,4499000.0,1458284,1486657563
1486656250,219602006,4401920.0,1458284,1486657563
1486656258,219602363,4169340.0,1458284,1486657563
1486656269,219602044,3137360.0,1458284,1486657563
1486656285,219600217,1773680.0,1458284,1486657563
1486656318,219602127,1597500.0,1458284,1486657563
1486656343,219602526,1041520.0,1458284,1486657563
1486656354,219602541,691540.0,1458284,1486657563
1486657360,219606221,907420.0,1458284,1486657563
1486657522,219608703,17586980.0,1458284,1486657563
1486657506,219610592,303126680.0,1458284,1486657563
1486657299,219606131,10310120.0,1458284,1486657563
1486657538,219612563,35608994.0,1458284,1486657563
1486657558,219608784,1189554200.0,1458284,1486657563
1486657558,219610697,1178972320.0,1458284,1486657563
1486657304,219608040,26301700.0,1458284,1486657563
1486657363,219606228,25620700.0,1458284,1486657563
1486657359,219606218,78968300.0,1458284,1486657563
1486657335,219606174,4050623645.0,1458284,1486657563
1486657274,219607975,97157100.0,1458284,1486657563
1486657208,219605953,1252632.0,1458284,1486657563
1486657386,219608184,225394.0,1458284,1486657563
1486657393,219608197,1158476379.0,1458284,1486657563
1486657415,219606319,5120262985.0,1458284,1486657563
1486657422,219608260,20969900.0,1458284,1486657563
1486657423,219606333,1199960000.0,1458284,1486657563
1486657354,219606205,31803896.0,1458284,1486657563
1486657237,219604101,37877700.0,1458284,1486657563
1486657362,219604321,19345920.0,1458284,1486657563
1486657548,219608766,38064888.0,1458284,1486657563
1486657504,219610584,13302309.0,1458284,1486657563
1486657504,219610586,3799629.0,1458284,1486657563
1486657504,219610587,1112149.0,1458284,1486657563
1486657508,219608676,99665781.0,1458284,1486657563
1486657547,219608765,88813401.0,1458284,1486657563
1486657547,219612589,87211421.0,1458284,1486657563
1486657547,219612590,86874241.0,1458284,1486657563
1486657445,219608558,45731740.0,1458284,1486657563
1486657414,219608248,1191894485.0,1458284,1486657563
1486657457,219608319,1758954003.0,1458284,1486657563
1486657482,219608367,2891088851.0,1458284,1486657563
1486657360,219604316,444542146.0,1458284,1486657563
1486657263,219604142,408874477.0,1458284,1486657563
1486657385,219608464,615008601.0,1458284,1486657563
1486657448,219606379,368907.0,1458284,1486657563
1486657531,219608457,29291228.0,1458284,1486657563
1486657524,219608706,1394474.0,1458284,1486657563
1486657328,219608076,91558605.0,1458284,1486657563
1486657248,219606020,351213.0,1458284,1486657563
1486657204,219605943,674848.0,1458284,1486657563
1486657363,219608148,16505485.0,1458284,1486657563
1486657319,219608059,445025.0,1458284,1486657563
1486657367,219608153,6974900.0,1458284,1486657563
1486657413,219608243,124920.0,1458284,1486657563
1486657527,219608717,76325031.0,1458284,1486657563
1486657396,219606288,4886959.0,1458284,1486657563
1486657474,219608354,1575006.0,1458284,1486657563
1486657253,219607932,3590191.0,1458284,1486657563
1486657460,219608326,8975208.0,1458284,1486657563
1486657348,219608113,4052348.0,1458284,1486657563
1486657510,219608417,21231219.0,1458284,1486657563
1486657333,219608087,144529596.0,1458284,1486657563
1486657270,219607969,37751250.0,1458284,1486657563
1486657264,219606058,4725943.0,1458284,1486657563
1486657363,219608149,4587225.0,1458284,1486657563
1486657204,219605941,30541282.0,1458284,1486657563
1486657549,219608769,11774376.0,1458284,1486657563
1486657462,219608334,14606593.0,1458284,1486657563
1486657364,219604324,1065341.0,1458284,1486657563
1486657450,219608566,7569482183.0,1458284,1486657563
1486657205,219604029,196635.0,1458284,1486657563
1486657511,219608685,4348507.0,1458284,1486657563
1486657412,219608240,15546736.0,1458284,1486657563
1486657249,219607926,60463062.0,1458284,1486657563
1486657545,219612580,11592924.0,1458284,1486657563
1486657447,219606375,22113623.0,1458284,1486657563
1486657425,219608519,4720806849.0,1458284,1486657563
1486657429,219608524,177195404.0,1458284,1486657563
1486657428,219606343,6862800.0,1458284,1486657563
1486657412,219606311,11318736.0,1458284,1486657563
1486657359,219606219,532522017.0,1458284,1486657563
1486657395,219608201,31202719.0,1458284,1486657563
1486657323,219604239,285192558.0,1458284,1486657563
1486657513,219608422,12164427.0,1458284,1486657563
1486657508,219608677,8049994.0,1458284,1486657563
1486657525,219608709,72494299.0,1458284,1486657563
1486657240,219606008,2202025.0,1458284,1486657563
1486657220,219605976,3802025.0,1458284,1486657563
1486657488,219608641,63670154.0,1458284,1486657563
1486657525,219608710,70349389.0,1458284,1486657563
1486657345,219608108,115945420.0,1458284,1486657563
1486656083,219601647,114298144.0,1458284,1486657563
1486657275,219607977,311596961.0,1458284,1486657563
1486657541,219610663,311055441.0,1458284,1486657563
1486657270,219606070,5935605.0,1458284,1486657563
1486657241,219607917,267513530.0,1458284,1486657563
1486657472,219608606,51349380.0,1458284,1486657563
1486652860,219582970,209560063.0,1458284,1486657563
1486652860,219581386,209003143.0,1458284,1486657563
1486652860,219581387,207209823.0,1458284,1486657563
1486652860,219582972,197285703.0,1458284,1486657563
1486652868,219581414,190767983.0,1458284,1486657563
1486657268,219607964,2549204.0,1458284,1486657563
1486657345,219608110,30598710.0,1458284,1486657563
1486656083,219599789,114225163.0,1458284,1486657563
1486656083,219599790,114026339.0,1458284,1486657563
1486657336,219606177,676046576.0,1458284,1486657563
1486657547,219608764,675505056.0,1458284,1486657563
1486656083,219599791,113953358.0,1458284,1486657563
1486657367,219604332,1041457.0,1458284,1486657563
1486657442,219608551,270324142.0,1458284,1486657563
1486657228,219604072,21565551.0,1458284,1486657563
1486657436,219608278,3090402815.0,1458284,1486657563
1486657372,219604337,1994399707.0,1458284,1486657563
1486657391,219606281,2279998694.0,1458284,1486657563
1486657501,219608663,717365521.0,1458284,1486657563
1486657522,219608442,446838513.0,1458284,1486657563
1486656083,219601650,113896063.0,1458284,1486657563
1486656084,219597872,113756835.0,1458284,1486657563
1486656084,219599792,113558011.0,1458284,1486657563
1486656084,219599793,113485030.0,1458284,1486657563
1486656084,219601651,113364858.0,1458284,1486657563
1486652889,219579560,190574263.0,1458284,1486657563
1486652891,219579565,190224743.0,1458284,1486657563
1486652906,219579590,188747123.0,1458284,1486657563
1486656084,219599795,113307608.0,1458284,1486657563
1486656084,219599796,112511029.0,1458284,1486657563
1486656084,219601653,112438059.0,1458284,1486657563
1486656084,219597876,112380224.0,1458284,1486657563
1486656084,219601654,112023759.0,1458284,1486657563
1486656084,219601655,111824935.0,1458284,1486657563
1486656085,219601656,111627572.0,1458284,1486657563
1486656085,219601657,111427827.0,1458284,1486657563
1486656085,219597879,111227812.0,1458284,1486657563
1486656085,219601661,111028988.0,1458284,1486657563
1486656085,219601662,110830164.0,1458284,1486657563
1486656085,219601663,110633553.0,1458284,1486657563
1486656085,219601664,109007274.0,1458284,1486657563
1486656085,219597880,108186077.0,1458284,1486657563
1486656085,219597881,107987253.0,1458284,1486657563
1486656085,219597883,107788429.0,1458284,1486657563
1486657235,219604099,235510714.0,1458284,1486657563
1486657282,219604173,170951249.0,1458284,1486657563
1486657330,219604261,170409729.0,1458284,1486657563
1486657330,219604262,170261289.0,1458284,1486657563
1486657356,219604309,410076044.0,1458284,1486657563
1486657285,219606099,2567807.0,1458284,1486657563
1486657382,219608460,1106365944.0,1458284,1486657563
1486657322,219604238,362233740.0,1458284,1486657563
1486657207,219604034,2105501914.0,1458284,1486657563
1486657262,219604140,2861432.0,1458284,1486657563
1486657300,219604208,1582007769.0,1458284,1486657563
1486657456,219608315,723475742.0,1458284,1486657563
1486657388,219608187,2185868445.0,1458284,1486657563
1486657408,219608234,2587135927.0,1458284,1486657563
1486657312,219606146,4697840000.0,1458284,1486657563
1486657551,219608772,3730261810.0,1458284,1486657563
1486657317,219608055,1657558029.0,1458284,1486657563
1486657333,219604270,1494406.0,1458284,1486657563
1486657417,219608504,2665127976.0,1458284,1486657563
1486657261,219607949,876893427.0,1458284,1486657563
1486657296,219606126,521117511.0,1458284,1486657563
1486657563,219612705,110076783.0,1458284,1486657563
1486657278,219606085,282212729.0,1458284,1486657563
1486657425,219608514,560461652.0,1458284,1486657563
1486657532,219608723,724507642.0,1458284,1486657563
1486657538,219612562,834177683.0,1458284,1486657563
1486657255,219606033,139501167.0,1458284,1486657563
1486657285,219606097,48960063.0,1458284,1486657563
1486653100,219581815,193015163.0,1458284,1486657563
1486653100,219581817,183364443.0,1458284,1486657563
1486653100,219583456,177386923.0,1458284,1486657563
1486653100,219584053,177294903.0,1458284,1486657563
1486653100,219581818,171837583.0,1458284,1486657563
1486653136,219584121,171652163.0,1458284,1486657563
1486653151,219583541,171558943.0,1458284,1486657563
1486653161,219583559,171365023.0,1458284,1486657563
1486653166,219583570,170696603.0,1458284,1486657563
1486653170,219586036,169484883.0,1458284,1486657563
1486653181,219583607,168516263.0,1458284,1486657563
1486653188,219583617,168026643.0,1458284,1486657563
1486653193,219584212,167955623.0,1458284,1486657563
1486653200,219583649,167576303.0,1458284,1486657563
1486653201,219586090,124828583.0,1458284,1486657563
1486653213,219583679,121754363.0,1458284,1486657563
1486653223,219586125,120496143.0,1458284,1486657563
1486657285,219608006,49789032.0,1458284,1486657563
1486657285,219606098,10566274.0,1458284,1486657563
1486657457,219608321,9895944.0,1458284,1486657563
1486657435,219608277,4023874.0,1458284,1486657563
1486657256,219606035,1484837560.0,1458284,1486657563
1486657401,219608488,234094506.0,1458284,1486657563
1486657419,219608257,2372704.0,1458284,1486657563
1486657488,219608639,7332637.0,1458284,1486657563
1486657275,219607976,2464888.0,1458284,1486657563
1486657276,219606080,11132471.0,1458284,1486657563
1486657447,219608562,43558688.0,1458284,1486657563
1486657232,219607904,12982442.0,1458284,1486657563
1486657235,219606032,10958226.0,1458284,1486657563
1486657359,219606217,1947059921.0,1458284,1486657563
1486657515,219608426,10572483.0,1458284,1486657563
1486657464,219608336,9432354.0,1458284,1486657563
1486657261,219607946,493728.0,1458284,1486657563
1486657453,219608572,63913916.0,1458284,1486657563
1486656025,219601529,490928495.0,1458284,1486657563
1486657545,219608757,8973264.0,1458284,1486657563
1486657272,219604155,174911470.0,1458284,1486657563
1486656025,219599676,487852181.0,1458284,1486657563
1486656025,219597752,492255812.0,1458284,1486657563
1486656025,219601520,491123902.0,1458284,1486657563
1486656031,219597771,483274636.0,1458284,1486657563
1486657500,219610579,9615501.0,1458284,1486657563
1486657291,219604192,3823083.0,1458284,1486657563
1486657495,219610569,1046787.0,1458284,1486657563
1486656643,219604939,1345939.0,1458284,1486657563
1486655958,219597619,8044886.0,1458284,1486657563
1486657455,219608313,881274.0,1458284,1486657563
1486656038,219597777,2498000.0,1458284,1486657563
1486657350,219608118,12970000.0,1458284,1486657563
1486656117,219597971,20313118.0,1458284,1486657563
1486657563,219612706,7971100.0,1458284,1486657563
1486657563,219612707,8301702.0,1458284,1486657563
1486657563,219612708,9941201.0,1458284,1486657563
1486656031,219601531,484708365.0,1458284,1486657563
1486656450,219602710,24811210.0,1458284,1486657563
1486657563,219612709,11870743.0,1458284,1486657563
1486656031,219601535,478871928.0,1458284,1486657563
1486656262,219602370,16617904.0,1458284,1486657563
1486656601,219604841,104684062.0,1458284,1486657563
1486656588,219604809,2230242.0,1458284,1486657563
1486656104,219601724,3002676.0,1458284,1486657563
1486656664,219604972,10109744.0,1458284,1486657563
1486656845,219603417,10129697.0,1458284,1486657563
1486657412,219608496,3652627.0,1458284,1486657563
1486656031,219601534,463565604.0,1458284,1486657563
1486656721,219603176,49973600.0,1458284,1486657563
1486657205,219605945,14703604.0,1458284,1486657563
1486656262,219602371,27268300.0,1458284,1486657563
1486657502,219608399,23375100.0,1458284,1486657563
1486657563,219612710,109503363.0,1458284,1486657563
1486656097,219597912,16337540.0,1458284,1486657563
1486657563,219612711,5460.0,1458284,1486657563
1486657563,219612712,235009.0,1458284,1486657563
1486656099,219601706,16242080.0,1458284,1486657563
1486657563,219612713,5460.0,1458284,1486657563
1486656543,219606616,16146620.0,1458284,1486657563
1486657563,219612714,5460.0,1458284,1486657563
1486656031,219597759,432532456.0,1458284,1486657563
1486657377,219606252,23792307.0,1458284,1486657563
1486656337,219602163,3449786.0,1458284,1486657563
1486656248,219602343,1270591.0,1458284,1486657563
1486657205,219607849,16051160.0,1458284,1486657563
1486657563,219612715,5460.0,1458284,1486657563
1486657403,219608220,15955700.0,1458284,1486657563
1486657563,219612716,5460.0,1458284,1486657563
1486657214,219604052,85806600.0,1458284,1486657563
1486656967,219605495,27308920.0,1458284,1486657563
1486657427,219606341,15860240.0,1458284,1486657563
1486657563,219612717,5460.0,1458284,1486657563
1486657428,219608269,15764780.0,1458284,1486657563
1486657563,219612718,5460.0,1458284,1486657563
1486657429,219608270,15669320.0,1458284,1486657563
1486657563,219612719,5460.0,1458284,1486657563
1486656031,219599701,476820084.0,1458284,1486657563
1486656031,219601536,409013284.0,1458284,1486657563
1486655888,219597486,110129.0,1458284,1486657563
1486656127,219599906,5395697.0,1458284,1486657563
1486656387,219602265,3787321.0,1458284,1486657563
1486656076,219601634,48483629.0,1458284,1486657563
1486657270,219606069,115055998.0,1458284,1486657563
1486656494,219602788,43280485.0,1458284,1486657563
1486657276,219606082,962341.0,1458284,1486657563
1486657327,219604248,176433005.0,1458284,1486657563
1486656031,219601537,430264447.0,1458284,1486657563
1486656825,219605238,41531334.0,1458284,1486657563
1486657433,219608273,59929202.0,1458284,1486657563
1486656032,219597766,437908998.0,1458284,1486657563
1486656031,219601533,406926365.0,1458284,1486657563
1486656031,219601532,424351002.0,1458284,1486657563
1486657421,219606330,1063184.0,1458284,1486657563
1486657004,219607505,705259.0,1458284,1486657563
1486657563,219612720,35277390.0,1458284,1486657563
1486656031,219599686,419923263.0,1458284,1486657563
1486656031,219599687,443615819.0,1458284,1486657563
1486656031,219597761,428405488.0,1458284,1486657563
1486657261,219604139,1078055.0,1458284,1486657563
1486656370,219602230,10379345.0,1458284,1486657563
1486656607,219604855,8588247.0,1458284,1486657563
1486656253,219600159,956674.0,1458284,1486657563
1486656736,219603199,52203976.0,1458284,1486657563
1486656289,219602423,1206882.0,1458284,1486657563
1486657240,219606010,962462.0,1458284,1486657563
1486656489,219606524,959295.0,1458284,1486657563
1486657157,219603972,76219364.0,1458284,1486657563
1486656060,219597829,4618645.0,1458284,1486657563
1486657192,219604014,954275.0,1458284,1486657563
1486657030,219607558,158758.0,1458284,1486657563
1486656647,219604948,1115552.0,1458284,1486657563
1486656132,219599918,3510110.0,1458284,1486657563
1486655983,219597665,4203206.0,1458284,1486657563
1486656156,219601841,20523866.0,1458284,1486657563
1486656135,219601803,5428274.0,1458284,1486657563
1486657453,219606391,359350.0,1458284,1486657563
1486656054,219597809,2400020.0,1458284,1486657563
1486656193,219601914,669545954.0,1458284,1486657563
1486657283,219606093,154582304.0,1458284,1486657563
1486656090,219601680,3079120.0,1458284,1486657563
1486656246,219602341,10092062.0,1458284,1486657563
1486655887,219597535,1914960.0,1458284,1486657563
1486656351,219604415,1162304.0,1458284,1486657563
1486656369,219602225,82368363.0,1458284,1486657563
1486656217,219598177,3561078.0,1458284,1486657563
1486657511,219608419,4218524.0,1458284,1486657563
1486656251,219602013,81858534.0,1458284,1486657563
1486656276,219600199,430384.0,1458284,1486657563
1486657469,219608344,18499394692.0,1458284,1486657563
1486657500,219610580,16499351952.0,1458284,1486657563
1486657540,219612566,14499309212.0,1458284,1486657563
1486656097,219601698,12836201.0,1458284,1486657563
1486656011,219601490,5138824.0,1458284,1486657563
1486657497,219608658,5045916.0,1458284,1486657563
1486656203,219598148,939004.0,1458284,1486657563
1486656654,219603067,1090217.0,1458284,1486657563
1486656114,219601746,3048371.0,1458284,1486657563
1486656031,219597764,2551433.0,1458284,1486657563
1486657522,219608441,1217532.0,1458284,1486657563
1486656324,219602140,94094511.0,1458284,1486657563
1486657225,219605984,1078079.0,1458284,1486657563
1486656022,219601512,1854509.0,1458284,1486657563
1486657481,219608365,1012696.0,1458284,1486657563
1486656026,219599673,753665984.0,1458284,1486657563
1486656128,219598004,28302278.0,1458284,1486657563
1486657155,219605854,436355.0,1458284,1486657563
1486656608,219602998,72000.0,1458284,1486657563
1486657416,219608250,247842307.0,1458284,1486657563
1486657210,219607857,639387184.0,1458284,1486657563
1486657472,219608348,447160.0,1458284,1486657563
1486657301,219606133,665842894.0,1458284,1486657563
1486656071,219601624,50564659.0,1458284,1486657563
1486657162,219605872,1082510.0,1458284,1486657563
1486656084,219597877,1452028.0,1458284,1486657563
1486656797,219605182,1817290.0,1458284,1486657563
1486657377,219606253,1274550.0,1458284,1486657563
1486657022,219607541,9970151.0,1458284,1486657563
1486655974,219597655,3037195.0,1458284,1486657563
1486656058,219597820,26470000.0,1458284,1486657563
1486656096,219599819,1277196.0,1458284,1486657563
1486656186,219598115,3826731.0,1458284,1486657563
1486656371,219604452,8551844.0,1458284,1486657563
1486657235,219604100,101738542.0,1458284,1486657563
1486656063,219601603,4633425.0,1458284,1486657563
1486656020,219597738,4343213.0,1458284,1486657563
1486657316,219604233,126619817.0,1458284,1486657563
1486656151,219598067,5275590.0,1458284,1486657563
1486656107,219599860,8493244.0,1458284,1486657563
1486655897,219597531,834744.0,1458284,1486657563
1486656379,219602582,1131690.0,1458284,1486657563
1486656229,219598199,8040660.0,1458284,1486657563
1486656015,219601502,902924.0,1458284,1486657563
1486656284,219600214,3605956.0,1458284,1486657563
1486656400,219602626,10092062.0,1458284,1486657563
1486655894,219597493,229224.0,1458284,1486657563
1486656685,219606878,51962156.0,1458284,1486657563
1486656726,219605064,952577.0,1458284,1486657563
1486656499,219606542,1028834.0,1458284,1486657563
1486656133,219599923,13629424.0,1458284,1486657563
1486656309,219602463,27208353.0,1458284,1486657563
1486656076,219599770,102270174.0,1458284,1486657563
1486656632,219603039,81174444.0,1458284,1486657563
1486657217,219605972,983424.0,1458284,1486657563
1486656236,219601988,69761089.0,1458284,1486657563
1486656491,219602786,4022753.0,1458284,1486657563
1486656119,219597975,701198468.0,1458284,1486657563
1486657268,219606063,395187.0,1458284,1486657563
1486656029,219597757,1903775.0,1458284,1486657563
1486656318,219602483,8269434.0,1458284,1486657563
1486656067,219601614,4199006.0,1458284,1486657563
1486656086,219597884,315646784.0,1458284,1486657563
1486656350,219602187,3674730.0,1458284,1486657563
1486656077,219599773,18115897.0,1458284,1486657563
1486656083,219601648,707560.0,1458284,1486657563
1486656145,219601823,398254.0,1458284,1486657563
1486656279,219602402,52733391.0,1458284,1486657563
1486657464,219610520,24091319.0,1458284,1486657563
1486657451,219606385,1040851.0,1458284,1486657563
1486656006,219599632,4818994.0,1458284,1486657563
1486656142,219598042,5150422.0,1458284,1486657563
1486657227,219604071,83233894.0,1458284,1486657563
1486656331,219602504,3624920.0,1458284,1486657563
1486657147,219607747,62711672.0,1458284,1486657563
1486657183,219607810,77216634.0,1458284,1486657563
1486655888,219597539,13426412.0,1458284,1486657563
1486655919,219601343,13343784.0,1458284,1486657563
1486657333,219608086,445649.0,1458284,1486657563
1486655946,219597592,276923.0,1458284,1486657563
1486657209,219607853,1081764.0,1458284,1486657563
1486656619,219606753,10341480.0,1458284,1486657563
1486657526,219608450,5202064.0,1458284,1486657563
1486656367,219602219,8356178.0,1458284,1486657563
1486656141,219601819,20815880.0,1458284,1486657563
1486656034,219601546,6805014.0,1458284,1486657563
1486655894,219599472,2940454.0,1458284,1486657563
1486655917,219597533,2497826.0,1458284,1486657563
1486656046,219601564,2174086.0,1458284,1486657563
1486657474,219610535,2102828.0,1458284,1486657563
1486656190,219600042,10748447.0,1458284,1486657563
1486656150,219599960,6262635.0,1458284,1486657563
1486657478,219608619,6060007.0,1458284,1486657563
1486657509,219608680,5217379.0,1458284,1486657563
1486657514,219610611,4814751.0,1458284,1486657563
1486656127,219598003,5673100.0,1458284,1486657563
1486657448,219606377,5590472.0,1458284,1486657563
1486657472,219610534,5151844.0,1458284,1486657563
1486657480,219610550,4109216.0,1458284,1486657563
1486657509,219608679,3266588.0,1458284,1486657563
1486657515,219608425,3183960.0,1458284,1486657563
1486655982,219597663,22010398.0,1458284,1486657563
1486657197,219605933,79393109.0,1458284,1486657563
1486656186,219598114,357043.0,1458284,1486657563
1486657395,219606284,20693252.0,1458284,1486657563
1486657460,219608588,19170624.0,1458284,1486657563
1486656156,219599969,909353.0,1458284,1486657563
1486656377,219602242,1132381.0,1458284,1486657563
1486657216,219607872,4616366.0,1458284,1486657563
1486657455,219606401,4173738.0,1458284,1486657563
1486657473,219608608,4051110.0,1458284,1486657563
1486657152,219607753,75380784.0,1458284,1486657563
1486656640,219604925,949744.0,1458284,1486657563
1486656426,219606429,3996069.0,1458284,1486657563
1486656694,219606891,51986508.0,1458284,1486657563
1486656242,219601996,154595764.0,1458284,1486657563
1486655866,219597442,15937354.0,1458284,1486657563
1486656035,219599696,2170000.0,1458284,1486657563
1486656257,219602024,954660.0,1458284,1486657563
1486657485,219608635,3608482.0,1458284,1486657563
1486657493,219608385,3493854.0,1458284,1486657563
1486656263,219602033,10397872.0,1458284,1486657563
1486656222,219601969,7227426.0,1458284,1486657563
1486656211,219598164,761562074.0,1458284,1486657563
1486656406,219602297,31253853.0,1458284,1486657563
1486657207,219604033,2255198.0,1458284,1486657563
1486657211,219607863,1812570.0,1458284,1486657563
1486657387,219608467,1729942.0,1458284,1486657563
1486657449,219608563,1647314.0,1458284,1486657563
1486657480,219608362,1328686.0,1458284,1486657563
1486657489,219608381,1188058.0,1458284,1486657563
1486657509,219608415,1065430.0,1458284,1486657563
1486656044,219597786,2141862.0,1458284,1486657563
1486656394,219602275,3983064.0,1458284,1486657563
1486656164,219598096,8489751.0,1458284,1486657563
1486656051,219601573,2254555.0,1458284,1486657563
1486657042,219607578,475910.0,1458284,1486657563
1486656432,219602680,10135489.0,1458284,1486657563
1486656158,219598085,42378728.0,1458284,1486657563
1486656679,219603102,40818524.0,1458284,1486657563
1486656296,219602086,8193641.0,1458284,1486657563
1486657256,219606036,486065.0,1458284,1486657563
1486656375,219604458,3732076.0,1458284,1486657563
1486656058,219597819,485915.0,1458284,1486657563
1486656669,219606850,10352490.0,1458284,1486657563
1486657230,219605994,83875654.0,1458284,1486657563
1486656153,219599965,29874744.0,1458284,1486657563
1486656489,219602784,41117433.0,1458284,1486657563
1486655918,219599474,1054715.0,1458284,1486657563
1486656337,219604397,1100648.0,1458284,1486657563
1486656069,219601621,4767594.0,1458284,1486657563
1486656489,219604660,20838544.0,1458284,1486657563
1486656006,219599630,1440502.0,1458284,1486657563
1486657221,219607880,80997473.0,1458284,1486657563
1486656614,219606746,10288377.0,1458284,1486657563
1486657391,219608192,13542796.0,1458284,1486657563
1486657453,219608311,13460168.0,1458284,1486657563
1486657485,219610558,11417540.0,1458284,1486657563
1486657518,219608694,5342849.0,1458284,1486657563
1486656102,219601719,2567520.0,1458284,1486657563
1486656064,219601606,4258014.0,1458284,1486657563
1486656642,219604933,1612848.0,1458284,1486657563
1486656308,219602109,2035168.0,1458284,1486657563
1486656067,219599753,91000000.0,1458284,1486657563
1486656969,219603632,54974304.0,1458284,1486657563
1486656281,219602060,20710286.0,1458284,1486657563
1486656531,219606593,20685292.0,1458284,1486657563
1486656821,219607143,5722700.0,1458284,1486657563
1486656318,219602129,82841115.0,1458284,1486657563
1486656262,219600176,28974464.0,1458284,1486657563
1486656220,219601964,144312604.0,1458284,1486657563
1486656067,219599754,376179689.0,1458284,1486657563
1486656758,219605117,203132604.0,1458284,1486657563
1486656527,219602843,3314831.0,1458284,1486657563
1486656529,219602851,28859400.0,1458284,1486657563
1486656776,219605151,1297700.0,1458284,1486657563
1486656120,219597980,7556606.0,1458284,1486657563
1486657268,219607965,8048239.0,1458284,1486657563
1486655952,219601397,32494807.0,1458284,1486657563
1486656530,219602852,439000.0,1458284,1486657563
1486656126,219599903,18974630.0,1458284,1486657563
1486657187,219607815,9951345.0,1458284,1486657563
1486657368,219608157,83615625.0,1458284,1486657563
1486657485,219608374,308366100.0,1458284,1486657563
1486657082,219603838,21855377.0,1458284,1486657563
1486657158,219607764,2163502257.0,1458284,1486657563
1486657448,219608303,2132596.0,1458284,1486657563
1486657499,219608396,3224885.0,1458284,1486657563
1486657422,219608259,144190115.0,1458284,1486657563
1486656233,219600116,144320115.0,1458284,1486657563
1486656420,219604525,124660115.0,1458284,1486657563
1486656289,219602421,140420115.0,1458284,1486657563
1486657279,219604169,17000005.0,1458284,1486657563
1486657082,219607630,4153411.0,1458284,1486657563
1486657114,219605756,79253424.0,1458284,1486657563
1486657000,219603691,591900.0,1458284,1486657563
1486656137,219601809,1311633.0,1458284,1486657563
1486655896,219599432,95127884.0,1458284,1486657563
1486656914,219605405,140543935.0,1458284,1486657563
1486657395,219606285,114373935.0,1458284,1486657563
1486657522,219610630,9974608.0,1458284,1486657563
1486657359,219606220,16333281.0,1458284,1486657563
1486656235,219598216,1967788.0,1458284,1486657563
1486655953,219601398,2568431.0,1458284,1486657563
1486656100,219597924,17000010.0,1458284,1486657563
1486656932,219607377,715644.0,1458284,1486657563
1486656858,219607251,132303878.0,1458284,1486657563
1486656725,219605062,107144700.0,1458284,1486657563
1486657563,219612721,4573770.0,1458284,1486657563
1486657396,219606287,14136500.0,1458284,1486657563
1486656755,219607015,1280457.0,1458284,1486657563
1486656462,219602729,4842244.0,1458284,1486657563
1486657401,219606294,9924630.0,1458284,1486657563
1486657563,219612722,90488.0,1458284,1486657563
1486657563,219612723,90488.0,1458284,1486657563
1486657563,219612724,100062712.0,1458284,1486657563
1486656676,219603098,31477801.0,1458284,1486657563
1486656804,219603317,4396192.0,1458284,1486657563
1486657563,219612725,90488.0,1458284,1486657563
1486657563,219612726,90488.0,1458284,1486657563
1486657563,219612727,11208.0,1458284,1486657563
1486656771,219603269,11276100.0,1458284,1486657563
1486656180,219601886,4799488.0,1458284,1486657563
1486655985,219597669,8265474.0,1458284,1486657563
1486656135,219598024,8497706.0,1458284,1486657563
1486657043,219605638,2623862.0,1458284,1486657563
1486656001,219597691,10387838.0,1458284,1486657563
1486657089,219607653,392413600.0,1458284,1486657563
1486656540,219604724,148655738.0,1458284,1486657563
1486656845,219607214,122473935.0,1458284,1486657563
1486656935,219607384,139883935.0,1458284,1486657563
1486657511,219610605,26543543.0,1458284,1486657563
1486656363,219604434,39141806.0,1458284,1486657563
1486656627,219604902,25024585.0,1458284,1486657563
1486656814,219607126,2100500.0,1458284,1486657563
1486656485,219606518,1662409.0,1458284,1486657563
1486656556,219606628,1488901.0,1458284,1486657563
1486656772,219603274,1792376.0,1458284,1486657563
1486657133,219603927,1863642.0,1458284,1486657563
1486656166,219599993,114877755.0,1458284,1486657563
1486656643,219604935,9454357.0,1458284,1486657563
1486655985,219601444,3027473837.0,1458284,1486657563
1486657477,219610542,82921575.0,1458284,1486657563
1486656235,219600125,615404.0,1458284,1486657563
1486656434,219602682,162492797.0,1458284,1486657563
1486657006,219607513,6228450.0,1458284,1486657563
1486656446,219604581,457137.0,1458284,1486657563
1486656259,219600167,15026151.0,1458284,1486657563
1486656511,219602820,1035115011.0,1458284,1486657563
1486655902,219601304,70025395.0,1458284,1486657563
1486656533,219602857,670220506.0,1458284,1486657563
1486656616,219603007,38391888.0,1458284,1486657563
1486655886,219597538,3589393550.0,1458284,1486657563
1486656483,219604654,3538268550.0,1458284,1486657563
1486656728,219603184,614677135.0,1458284,1486657563
1486657004,219603703,22227528.0,1458284,1486657563
1486657064,219605666,27837841.0,1458284,1486657563
1486657200,219607839,31073730.0,1458284,1486657563
1486656491,219604661,3532000601.0,1458284,1486657563
1486657234,219606001,33303806.0,1458284,1486657563
1486656109,219597954,8389500.0,1458284,1486657563
1486656288,219600226,21883253.0,1458284,1486657563
1486657563,219612728,100101492.0,1458284,1486657563
1486657381,219606259,3414941.0,1458284,1486657563
1486656817,219603350,120809950.0,1458284,1486657563
1486656232,219601980,1411518241.0,1458284,1486657563
1486656370,219602228,6139830.0,1458284,1486657563
1486656528,219606590,17969949.0,1458284,1486657563
1486656659,219604962,7106682.0,1458284,1486657563
1486656244,219602330,955853043.0,1458284,1486657563
1486656691,219606887,991481.0,1458284,1486657563
1486657335,219604274,64502328.0,1458284,1486657563
1486656013,219597728,221266124.0,1458284,1486657563
1486655880,219599339,10093591.0,1458284,1486657563
1486656583,219606692,313956269.0,1458284,1486657563
1486656544,219604728,8000000.0,1458284,1486657563
1486656048,219599715,4919491.0,1458284,1486657563
1486656723,219606942,3479948553.0,1458284,1486657563
1486656726,219606949,3459923753.0,1458284,1486657563
1486656850,219607230,3413948753.0,1458284,1486657563
1486657083,219603840,3411759592.0,1458284,1486657563
1486657203,219607846,3409419156.0,1458284,1486657563
1486657327,219608071,3398966757.0,1458284,1486657563
1486657443,219608554,3347275364.0,1458284,1486657563
1486656488,219606521,942714643.0,1458284,1486657563
1486657045,219605642,561969861.0,1458284,1486657563
1486657144,219605831,559648093.0,1458284,1486657563
1486655887,219601277,42999719.0,1458284,1486657563
1486656650,219606812,9462216.0,1458284,1486657563
1486655930,219601361,1645324.0,1458284,1486657563
1486656559,219604750,8310933.0,1458284,1486657563
1486656923,219607364,18698557.0,1458284,1486657563
1486656752,219607011,13996569.0,1458284,1486657563
1486657079,219605706,29312347.0,1458284,1486657563
1486656477,219606511,396254245.0,1458284,1486657563
1486657069,219607616,395305601.0,1458284,1486657563
1486657161,219607769,30182560.0,1458284,1486657563
1486657007,219605570,647195114.0,1458284,1486657563
1486656651,219603064,10334500.0,1458284,1486657563
1486656854,219603450,913389643.0,1458284,1486657563
1486656962,219605479,767763848.0,1458284,1486657563
1486657207,219605951,765238848.0,1458284,1486657563
1486656720,219605051,4247546679.0,1458284,1486657563
1486656327,219602145,4906739.0,1458284,1486657563
1486656760,219603239,10441399.0,1458284,1486657563
1486656296,219602087,83367083.0,1458284,1486657563
1486657288,219606110,9508429.0,1458284,1486657563
1486657074,219605696,4999975360.0,1458284,1486657563
1486655952,219597607,1831068322.0,1458284,1486657563
1486657048,219607590,1999975360.0,1458284,1486657563
1486656959,219603609,3830195740.0,1458284,1486657563
1486656964,219605485,4243926502.0,1458284,1486657563
1486656962,219607430,4237025875.0,1458284,1486657563
1486655936,219601372,1741906550.0,1458284,1486657563
1486656966,219607436,4646494488.0,1458284,1486657563
1486657104,219607677,4206662351.0,1458284,1486657563
1486656958,219603605,3754707707.0,1458284,1486657563
1486657024,219607545,4080385731.0,1458284,1486657563
1486656962,219607429,4082502250.0,1458284,1486657563
1486656881,219605342,705414956.0,1458284,1486657563
1486657339,219608098,19605493.0,1458284,1486657563
1486656720,219603169,59885892.0,1458284,1486657563
1486657016,219603724,60744672.0,1458284,1486657563
1486657445,219608557,17526071.0,1458284,1486657563
1486657508,219608410,9472410.0,1458284,1486657563
1486657099,219603872,1240480.0,1458284,1486657563
1486656668,219606845,268176928.0,1458284,1486657563
1486657271,219606071,100900394.0,1458284,1486657563
1486656362,219602552,71113482.0,1458284,1486657563
1486655935,219599509,1193760139.0,1458284,1486657563
1486655941,219601377,3003234240.0,1458284,1486657563
1486656002,219599623,2937699806.0,1458284,1486657563
1486655954,219597612,2763659019.0,1458284,1486657563
1486656966,219603623,4740600763.0,1458284,1486657563
1486655956,219599558,8380081.0,1458284,1486657563
1486655933,219597565,946275007.0,1458284,1486657563
1486656973,219607454,938001622.0,1458284,1486657563
1486657028,219607551,927774882.0,1458284,1486657563
1486657030,219605616,706112022.0,1458284,1486657563
1486657031,219607560,698635697.0,1458284,1486657563
1486656956,219607421,3012208463.0,1458284,1486657563
1486657045,219607584,4906223356.0,1458284,1486657563
1486657048,219607591,4999975140.0,1458284,1486657563
1486657390,219606280,20101005.0,1458284,1486657563
1486656972,219607450,4999975360.0,1458284,1486657563
1486656970,219605502,4999975140.0,1458284,1486657563
1486656966,219605489,4396128939.0,1458284,1486657563
1486656957,219603602,3492525059.0,1458284,1486657563
1486657119,219605771,673438731.0,1458284,1486657563
1486657120,219603901,560313291.0,1458284,1486657563
1486657563,219612729,558622094.0,1458284,1486657563
1486657563,219612730,553490454.0,1458284,1486657563
1486657563,219612731,545294594.0,1458284,1486657563
1486657563,219612732,534480119.0,1458284,1486657563
1486657563,219612733,533339889.0,1458284,1486657563
1486656121,219599897,1998918820.0,1458284,1486657563
1486657355,219608130,2762844159.0,1458284,1486657563
1486657431,219606347,2761919299.0,1458284,1486657563
1486656668,219606848,3815619799.0,1458284,1486657563
1486656123,219601770,1998950500.0,1458284,1486657563
1486657099,219603871,11003532.0,1458284,1486657563
1486657029,219605612,3355551.0,1458284,1486657563
1486657119,219605770,2285011.0,1458284,1486657563
1486656955,219605462,2919947382.0,1458284,1486657563
1486657482,219608628,1528215.0,1458284,1486657563
1486656061,219597834,2919102171.0,1458284,1486657563
1486656966,219603624,4728670031.0,1458284,1486657563
1486657482,219608366,2757527627.0,1458284,1486657563
1486656212,219600079,2959215.0,1458284,1486657563
1486656795,219605178,29405134.0,1458284,1486657563
1486656491,219606526,28256072.0,1458284,1486657563
1486656879,219605338,355651.0,1458284,1486657563
1486656636,219604922,5218749.0,1458284,1486657563
1486657132,219603924,2984355.0,1458284,1486657563
1486656777,219605153,9309998.0,1458284,1486657563
1486656796,219607085,2854809.0,1458284,1486657563
1486656828,219605244,3953793.0,1458284,1486657563
1486656132,219598018,4180206.0,1458284,1486657563
1486657276,219607979,9675624.0,1458284,1486657563
1486657053,219603789,8049986.0,1458284,1486657563
1486656106,219601729,44584777.0,1458284,1486657563
1486656769,219603266,25075929.0,1458284,1486657563
1486656893,219607305,656436.0,1458284,1486657563
1486656256,219602019,6441156.0,1458284,1486657563
1486656900,219607321,4231005879.0,1458284,1486657563
1486655968,219601421,1859994374.0,1458284,1486657563
1486657498,219608660,21036697.0,1458284,1486657563
1486657292,219604195,1804656.0,1458284,1486657563
1486657081,219603833,37351088.0,1458284,1486657563
1486656651,219606815,2783920.0,1458284,1486657563
1486656578,219606681,595750136.0,1458284,1486657563
1486656227,219600104,10451811.0,1458284,1486657563
1486656624,219603022,224145872.0,1458284,1486657563
1486656561,219606640,1693715.0,1458284,1486657563
1486657339,219606184,299975311.0,1458284,1486657563
1486657405,219608229,156313649.0,1458284,1486657563
1486656862,219607257,247375311.0,1458284,1486657563
1486656090,219599811,36993605.0,1458284,1486657563
1486656443,219606459,5980835.0,1458284,1486657563
1486657539,219610656,1056171.0,1458284,1486657563
1486656953,219603595,5826347.0,1458284,1486657563
1486657178,219607796,442975350.0,1458284,1486657563
1486656015,219599653,9329909763.0,1458284,1486657563
1486655932,219601366,46792660.0,1458284,1486657563
1486656272,219602393,4196784.0,1458284,1486657563
1486656773,219603277,48919398.0,1458284,1486657563
1486657292,219606120,616543.0,1458284,1486657563
1486656070,219601622,11775022.0,1458284,1486657563
1486657002,219605559,199963209.0,1458284,1486657563
1486656077,219599771,558369758.0,1458284,1486657563
1486656763,219603250,8439650.0,1458284,1486657563
1486656378,219604464,8750784.0,1458284,1486657563
1486656032,219601539,1065403390.0,1458284,1486657563
1486656132,219599917,2350000.0,1458284,1486657563
1486656218,219601960,307803392.0,1458284,1486657563
1486656085,219601658,1083874785.0,1458284,1486657563
1486656708,219603145,5937392.0,1458284,1486657563
1486656230,219598202,313366472.0,1458284,1486657563
1486656638,219603046,435717083.0,1458284,1486657563
1486656020,219597737,47573043.0,1458284,1486657563
1486656717,219603163,399956514.0,1458284,1486657563
1486656230,219600109,53920710.0,1458284,1486657563
1486656928,219603566,10330000.0,1458284,1486657563
1486656225,219598197,468317535.0,1458284,1486657563
1486657397,219608206,44250000.0,1458284,1486657563
1486657456,219608316,146941504.0,1458284,1486657563
1486655947,219597593,85095264.0,1458284,1486657563
1486656921,219607362,2920000.0,1458284,1486657563
1486656277,219602399,9543932.0,1458284,1486657563
1486656838,219605267,2034464.0,1458284,1486657563
1486655947,219597595,51851575.0,1458284,1486657563
1486657455,219608314,4288700.0,1458284,1486657563
1486657487,219608638,265000000.0,1458284,1486657563
1486656872,219607277,84454.0,1458284,1486657563
1486656855,219607246,13218912.0,1458284,1486657563
1486656855,219605301,10650000.0,1458284,1486657563
1486656813,219605212,23391192.0,1458284,1486657563
1486656370,219602231,38533551.0,1458284,1486657563
1486656145,219598053,235406.0,1458284,1486657563
1486656284,219600211,355942.0,1458284,1486657563
1486656618,219604882,979021.0,1458284,1486657563
1486657388,219608186,380000.0,1458284,1486657563
1486656537,219606599,1020000.0,1458284,1486657563
1486655961,219599561,5345916.0,1458284,1486657563
1486656078,219599778,313248.0,1458284,1486657563
1486656013,219597727,19677900.0,1458284,1486657563
1486656896,219605367,18519404.0,1458284,1486657563
1486657342,219606189,5246247.0,1458284,1486657563
1486657547,219612588,137072553.0,1458284,1486657563
1486655903,219599450,59934092.0,1458284,1486657563
1486656323,219602137,334528770.0,1458284,1486657563
1486656376,219604461,13095317.0,1458284,1486657563
1486657210,219605959,2298100.0,1458284,1486657563
1486656513,219604694,300000.0,1458284,1486657563
1486656813,219603346,31706128.0,1458284,1486657563
1486656909,219605396,4980000.0,1458284,1486657563
1486656868,219603465,6476784.0,1458284,1486657563
1486656309,219602111,9980000.0,1458284,1486657563
1486657139,219607730,2081084.0,1458284,1486657563
1486656421,219606418,11000065.0,1458284,1486657563
1486657276,219607980,387308781.0,1458284,1486657563
1486656497,219604669,916400.0,1458284,1486657563
1486655952,219597606,58339272.0,1458284,1486657563
1486655897,219597498,2606075466.0,1458284,1486657563
1486657198,219605934,13651573.0,1458284,1486657563
1486656470,219604623,299928286.0,1458284,1486657563
1486656441,219602693,1333891638.0,1458284,1486657563
1486657196,219607830,152662533.0,1458284,1486657563
1486656640,219606789,44040012.0,1458284,1486657563
1486657240,219604106,136480286.0,1458284,1486657563
1486657262,219606055,279062798.0,1458284,1486657563
1486655920,219597548,229680497.0,1458284,1486657563
1486656821,219603365,44040012.0,1458284,1486657563
1486656541,219606609,16820950.0,1458284,1486657563
1486657129,219603918,156820739.0,1458284,1486657563
1486657170,219605881,174022533.0,1458284,1486657563
1486657257,219604129,183162533.0,1458284,1486657563
1486656592,219602962,90632100.0,1458284,1486657563
1486657091,219603864,295647682.0,1458284,1486657563
1486656995,219603683,96484174.0,1458284,1486657563
1486656187,219600035,25865222.0,1458284,1486657563
1486656132,219598011,2115825.0,1458284,1486657563
1486656388,219602599,117638800.0,1458284,1486657563
1486657396,219608205,604878028.0,1458284,1486657563
1486657315,219606150,2030800.0,1458284,1486657563
1486656545,219606619,2158000.0,1458284,1486657563
1486657514,219608424,1210261.0,1458284,1486657563
1486656024,219601517,23361891.0,1458284,1486657563
1486656024,219597751,20350000.0,1458284,1486657563
1486657136,219605811,11067695.0,1458284,1486657563
1486657469,219608599,5017264.0,1458284,1486657563
1486657273,219607974,59901075.0,1458284,1486657563
1486657510,219608684,3515407.0,1458284,1486657563
1486656246,219602336,4977073.0,1458284,1486657563
1486657450,219608567,1289250.0,1458284,1486657563
1486656932,219603574,123361460.0,1458284,1486657563
1486656521,219604698,26099450.0,1458284,1486657563
1486657129,219607709,12570538.0,1458284,1486657563
1486657156,219605860,39292362.0,1458284,1486657563
1486656786,219603301,143467072.0,1458284,1486657563
1486656607,219602992,96474790.0,1458284,1486657563
1486657091,219605731,325911423.0,1458284,1486657563
1486657448,219606378,637819155.0,1458284,1486657563
1486656369,219602224,46174126.0,1458284,1486657563
1486657327,219608075,393258095.0,1458284,1486657563
1486656132,219598013,2000949.0,1458284,1486657563
1486655994,219597680,12939389.0,1458284,1486657563
1486656862,219607258,111530621.0,1458284,1486657563
1486656300,219602444,615974751.0,1458284,1486657563
1486656017,219599657,1425569.0,1458284,1486657563
1486657314,219604230,1429560602.0,1458284,1486657563
1486657162,219603976,1719308733.0,1458284,1486657563
1486656362,219604430,8656615.0,1458284,1486657563
1486656584,219604798,852806655.0,1458284,1486657563
1486656390,219604479,1048954790.0,1458284,1486657563
1486655946,219597590,2345550369.0,1458284,1486657563
1486657401,219608213,5087849019.0,1458284,1486657563
1486656172,219600008,781073.0,1458284,1486657563
1486657233,219607907,127409425.0,1458284,1486657563
1486657066,219607614,119089425.0,1458284,1486657563
1486657174,219607787,2309808863.0,1458284,1486657563
1486657371,219608161,5502151.0,1458284,1486657563
1486657137,219603938,2814362.0,1458284,1486657563
1486657475,219610539,464804066.0,1458284,1486657563
1486657156,219607760,1191726463.0,1458284,1486657563
1486656008,219597712,101105429.0,1458284,1486657563
1486656074,219597855,91594328.0,1458284,1486657563
1486655918,219601339,81146537.0,1458284,1486657563
1486657292,219608026,1800050.0,1458284,1486657563
1486657325,219604245,4388200.0,1458284,1486657563
1486656074,219601629,67018789.0,1458284,1486657563
1486656066,219599750,578794927.0,1458284,1486657563
1486657156,219605857,25363157818.0,1458284,1486657563
1486656760,219607023,14266996.0,1458284,1486657563
1486657153,219603961,91237405.0,1458284,1486657563
1486657153,219603962,30107843.0,1458284,1486657563
1486657383,219606265,59977260.0,1458284,1486657563
1486657440,219606365,40671100.0,1458284,1486657563
1486656247,219602002,99904628.0,1458284,1486657563
1486656966,219607435,232082542.0,1458284,1486657563
1486656989,219607479,102924392.0,1458284,1486657563
1486656968,219605496,3119134904.0,1458284,1486657563
1486655980,219599590,47990971.0,1458284,1486657563
1486657206,219605947,303610529.0,1458284,1486657563
1486657483,219610553,63891100.0,1458284,1486657563
1486656046,219597794,295558382.0,1458284,1486657563
1486656725,219603181,127406301.0,1458284,1486657563
1486657086,219603849,63916057.0,1458284,1486657563
1486657520,219610622,4874157269.0,1458284,1486657563
1486656168,219598099,733200.0,1458284,1486657563
1486656770,219603268,57169763.0,1458284,1486657563
1486656031,219597762,26143122.0,1458284,1486657563
1486657247,219604112,1750387.0,1458284,1486657563
1486657325,219608069,172518598.0,1458284,1486657563
1486655888,219599427,806111956.0,1458284,1486657563
1486656127,219601786,172068017.0,1458284,1486657563
1486656996,219607493,19690743.0,1458284,1486657563
1486657288,219606108,6978732.0,1458284,1486657563
1486657540,219608747,1831382.0,1458284,1486657563
1486656875,219605331,23751268.0,1458284,1486657563
1486656488,219606522,227173745.0,1458284,1486657563
1486655981,219601437,1010000.0,1458284,1486657563
1486655910,219597521,2844999099.0,1458284,1486657563
1486656846,219603420,20333829.0,1458284,1486657563
1486656075,219601631,39753707.0,1458284,1486657563
1486656094,219597905,33611877.0,1458284,1486657563
1486656100,219597928,31199094.0,1458284,1486657563
1486656238,219602320,30830786.0,1458284,1486657563
1486656306,219602106,24004132.0,1458284,1486657563
1486656335,219604391,19349397.0,1458284,1486657563
1486656597,219604830,18981455.0,1458284,1486657563
1486656990,219607480,17771490.0,1458284,1486657563
1486657484,219608632,16919540.0,1458284,1486657563
1486657518,219610619,6773670.0,1458284,1486657563
1486656214,219601950,57340929.0,1458284,1486657563
1486655996,219597683,40135671.0,1458284,1486657563
1486657143,219605830,29397260.0,1458284,1486657563
1486657213,219604051,55159040.0,1458284,1486657563
1486657213,219604050,38015260.0,1458284,1486657563
1486657213,219605967,41298035.0,1458284,1486657563
1486656568,219604768,1034300.0,1458284,1486657563
1486657016,219607527,26438780.0,1458284,1486657563
1486656612,219606744,2104125993.0,1458284,1486657563
1486656013,219597725,4039223.0,1458284,1486657563
1486657234,219604095,399962600.0,1458284,1486657563
1486657379,219604350,81545382.0,1458284,1486657563
1486656882,219605345,1669069.0,1458284,1486657563
1486657138,219607728,1221579997.0,1458284,1486657563
1486655965,219599567,1076994.0,1458284,1486657563
1486656264,219602376,13280928.0,1458284,1486657563
1486656949,219605453,12980800.0,1458284,1486657563
1486655881,219599340,5606100.0,1458284,1486657563
1486656585,219604803,1720103.0,1458284,1486657563
1486656602,219604844,77225382.0,1458284,1486657563
1486656529,219602849,6672349.0,1458284,1486657563
1486656896,219605366,29674057.0,1458284,1486657563
1486656636,219606783,68621330.0,1458284,1486657563
1486656819,219605227,603202.0,1458284,1486657563
1486656007,219597711,84810074.0,1458284,1486657563
1486657352,219606201,4999977400.0,1458284,1486657563
1486656061,219601597,286928148.0,1458284,1486657563
1486656590,219604815,275770096.0,1458284,1486657563
1486656201,219601927,4320388427.0,1458284,1486657563
1486656749,219603219,2036003.0,1458284,1486657563
1486655881,219601266,585645377.0,1458284,1486657563
1486656647,219603058,5855600.0,1458284,1486657563
1486656821,219603367,4305727095.0,1458284,1486657563
1486656836,219607189,1469600.0,1458284,1486657563
1486657532,219608458,3456930.0,1458284,1486657563
1486656591,219604817,46464228.0,1458284,1486657563
1486657116,219605766,267055782.0,1458284,1486657563
1486656378,219602579,538601770.0,1458284,1486657563
1486657257,219607938,96539700.0,1458284,1486657563
1486656481,219602767,15243584.0,1458284,1486657563
1486656002,219601467,37066608.0,1458284,1486657563
1486656903,219607327,7457302.0,1458284,1486657563
1486656928,219603567,3007400.0,1458284,1486657563
1486657056,219605656,50305894.0,1458284,1486657563
1486656332,219602505,64349763.0,1458284,1486657563
1486656056,219597815,33683431.0,1458284,1486657563
1486656367,219602218,133668644.0,1458284,1486657563
1486657117,219603896,243719.0,1458284,1486657563
1486656942,219603583,317359.0,1458284,1486657563
1486657051,219607600,48360137.0,1458284,1486657563
1486656987,219603670,25572884.0,1458284,1486657563
1486657281,219608000,6410800.0,1458284,1486657563
1486656581,219604794,2762048.0,1458284,1486657563
1486656412,219604508,4291868.0,1458284,1486657563
1486657345,219608109,2007044.0,1458284,1486657563
1486656896,219607314,42268511.0,1458284,1486657563
1486656809,219603328,1759387362.0,1458284,1486657563
1486656716,219603161,16753532.0,1458284,1486657563
1486657075,219603822,69803910.0,1458284,1486657563
1486656275,219602055,206109673.0,1458284,1486657563
1486656777,219605152,48070130.0,1458284,1486657563
1486656597,219604829,15345734.0,1458284,1486657563
1486656508,219606565,182782060.0,1458284,1486657563
1486656649,219606810,11960182.0,1458284,1486657563
1486657511,219608418,3341251.0,1458284,1486657563
1486655944,219599525,16338605.0,1458284,1486657563
1486657369,219606235,5651671.0,1458284,1486657563
1486656331,219604388,4666478410.0,1458284,1486657563
1486655952,219601395,165070059.0,1458284,1486657563
1486657082,219603837,599977400.0,1458284,1486657563
1486656133,219601800,22958043.0,1458284,1486657563
1486657086,219607645,25031020.0,1458284,1486657563
1486656748,219607002,34806028.0,1458284,1486657563
1486656924,219603556,4599635910.0,1458284,1486657563
1486656664,219606836,590509177.0,1458284,1486657563
1486656064,219599747,4649378.0,1458284,1486657563
1486656078,219599777,834608564.0,1458284,1486657563
1486656784,219603297,110883820.0,1458284,1486657563
1486656967,219603626,999977400.0,1458284,1486657563
1486656649,219606808,801886064.0,1458284,1486657563
1486657366,219604329,301863464.0,1458284,1486657563
1486656370,219602229,22777400.0,1458284,1486657563
1486656527,219606589,9397000.0,1458284,1486657563
1486656542,219602873,3134691.0,1458284,1486657563
1486656636,219606782,167425616.0,1458284,1486657563
1486656274,219602053,3000300.0,1458284,1486657563
1486656373,219604454,176086329.0,1458284,1486657563
1486656558,219604748,2173871620.0,1458284,1486657563
1486656558,219604749,2157600884.0,1458284,1486657563
1486656741,219605088,2152266267.0,1458284,1486657563
1486657137,219605816,2147243667.0,1458284,1486657563
1486657416,219608251,2110152779.0,1458284,1486657563
1486657108,219603886,243287619.0,1458284,1486657563
1486657224,219605983,241975519.0,1458284,1486657563
1486655938,219599514,16080800.0,1458284,1486657563
1486656337,219602162,20990100.0,1458284,1486657563
1486656422,219604529,188219963.0,1458284,1486657563
1486656412,219602644,336524436.0,1458284,1486657563
1486656010,219599643,99878016.0,1458284,1486657563
1486656916,219605411,15346994.0,1458284,1486657563
1486656526,219606588,10244368.0,1458284,1486657563
1486656113,219599875,4813045.0,1458284,1486657563
1486656993,219607486,9999953500.0,1458284,1486657563
1486657555,219612602,25590749.0,1458284,1486657563
1486655876,219597461,11723167.0,1458284,1486657563
1486656416,219604518,24000514.0,1458284,1486657563
1486656388,219604478,31613209.0,1458284,1486657563
1486656027,219597754,14768980.0,1458284,1486657563
1486656476,219606507,14840028.0,1458284,1486657563
1486656511,219606572,35483209.0,1458284,1486657563
1486656692,219606890,14083238.0,1458284,1486657563
1486655967,219599571,27995310.0,1458284,1486657563
1486657476,219610541,30433209.0,1458284,1486657563
1486656210,219600076,110816033.0,1458284,1486657563
1486657048,219607593,27550275.0,1458284,1486657563
1486656235,219600126,19465577.0,1458284,1486657563
1486656862,219603462,245770935.0,1458284,1486657563
1486656811,219607115,910892582.0,1458284,1486657563
1486656836,219603396,18813257.0,1458284,1486657563
1486657527,219608714,31640109.0,1458284,1486657563
1486657101,219607674,34803209.0,1458284,1486657563
1486657445,219608293,28913209.0,1458284,1486657563
1486656173,219600009,13973736.0,1458284,1486657563
1486656956,219607424,12470028.0,1458284,1486657563
1486656688,219605005,19033209.0,1458284,1486657563
1486657445,219608294,1462742.0,1458284,1486657563
1486657133,219605805,192431273.0,1458284,1486657563
1486656568,219606661,290859763.0,1458284,1486657563
1486657076,219603824,20756582.0,1458284,1486657563
1486656657,219603073,39576582.0,1458284,1486657563
1486657496,219610574,665437443.0,1458284,1486657563
1486657258,219607939,36269763.0,1458284,1486657563
1486657432,219608534,19736500.0,1458284,1486657563
1486657144,219603948,76166900.0,1458284,1486657563
1486656536,219604718,2431751.0,1458284,1486657563
1486657091,219605732,129267340.0,1458284,1486657563
1486656689,219605007,377511549.0,1458284,1486657563
1486656746,219605097,255783209.0,1458284,1486657563
1486656596,219606717,2260028.0,1458284,1486657563
1486656640,219606791,142883209.0,1458284,1486657563
1486657416,219606320,5232997.0,1458284,1486657563
1486656061,219601598,139763209.0,1458284,1486657563
1486656164,219601858,3796561.0,1458284,1486657563
1486655985,219597667,12299623.0,1458284,1486657563
1486657387,219606275,40130409.0,1458284,1486657563
1486657055,219605655,31905411.0,1458284,1486657563
1486656852,219607237,158415200.0,1458284,1486657563
1486656536,219604717,19714178.0,1458284,1486657563
1486656213,219598169,68823209.0,1458284,1486657563
1486656220,219598187,2684705.0,1458284,1486657563
1486657496,219608657,9157028.0,1458284,1486657563
1486656356,219602204,11970027.0,1458284,1486657563
1486656568,219602920,26663209.0,1458284,1486657563
1486657196,219604018,18450969.0,1458284,1486657563
1486656574,219606676,163873209.0,1458284,1486657563
1486657267,219606062,313171253.0,1458284,1486657563
1486655913,219599466,319264970.0,1458284,1486657563
1486655967,219599569,182184700.0,1458284,1486657563
1486655877,219599335,28571525.0,1458284,1486657563
1486656589,219602957,77774320.0,1458284,1486657563
1486656595,219606716,112624200.0,1458284,1486657563
1486655892,219601286,79483700.0,1458284,1486657563
1486655886,219599351,58513208.0,1458284,1486657563
1486657039,219605632,24718429.0,1458284,1486657563
1486656213,219601947,45843209.0,1458284,1486657563
1486656013,219599649,30053209.0,1458284,1486657563
1486657048,219607594,5036204.0,1458284,1486657563
1486657431,219606348,25119999.0,1458284,1486657563
1486656512,219606573,11983209.0,1458284,1486657563
1486657013,219603716,30376850.0,1458284,1486657563
1486657286,219604182,27983209.0,1458284,1486657563
1486657226,219605985,12996397.0,1458284,1486657563
1486657527,219608715,718053.0,1458284,1486657563
1486655952,219599542,979880050.0,1458284,1486657563
1486656572,219606668,158693209.0,1458284,1486657563
1486656222,219600102,1029282246.0,1458284,1486657563
1486656296,219600240,45460000.0,1458284,1486657563
1486655947,219599534,3761648.0,1458284,1486657563
1486656267,219602037,59803209.0,1458284,1486657563
1486655972,219601428,117793209.0,1458284,1486657563
1486657000,219605553,15626849.0,1458284,1486657563
1486656537,219602863,29424117.0,1458284,1486657563
1486657460,219608587,4966726.0,1458284,1486657563
1486657367,219604330,31677037.0,1458284,1486657563
1486655908,219601315,124133209.0,1458284,1486657563
1486656933,219605431,15766845.0,1458284,1486657563
1486657135,219603933,19400247.0,1458284,1486657563
1486656060,219601593,7209968.0,1458284,1486657563
1486656373,219602234,3074590.0,1458284,1486657563
1486656482,219606516,16623639.0,1458284,1486657563
1486657454,219606398,23433209.0,1458284,1486657563
1486656217,219598181,36400046.0,1458284,1486657563
1486656776,219603286,12823245.0,1458284,1486657563
1486656387,219602595,95453209.0,1458284,1486657563
1486656327,219604380,38683209.0,1458284,1486657563
1486657150,219603957,13183209.0,1458284,1486657563
1486656107,219599857,17673736.0,1458284,1486657563
1486656115,219601751,14880687.0,1458284,1486657563
1486656592,219606710,15211820.0,1458284,1486657563
1486656287,219602073,74827213.0,1458284,1486657563
1486656969,219605500,23753209.0,1458284,1486657563
1486656978,219607464,26723209.0,1458284,1486657563
1486656859,219607253,699913209.0,1458284,1486657563
1486657211,219607860,5383105.0,1458284,1486657563
1486656756,219607016,24769452.0,1458284,1486657563
1486656406,219604498,12595805.0,1458284,1486657563
1486657225,219604069,2293472.0,1458284,1486657563
1486657316,219604234,14638928.0,1458284,1486657563
1486656001,219597689,12497350.0,1458284,1486657563
1486657436,219608541,39577515.0,1458284,1486657563
1486656769,219607048,10450696.0,1458284,1486657563
1486657256,219604126,19521813.0,1458284,1486657563
1486656928,219607372,699564154.0,1458284,1486657563
1486657286,219608010,16471859.0,1458284,1486657563
1486657201,219604026,29039291.0,1458284,1486657563
1486657196,219605929,21103209.0,1458284,1486657563
1486657168,219607775,1514785.0,1458284,1486657563
1486656891,219603490,15053209.0,1458284,1486657563
1486656770,219607049,27285736.0,1458284,1486657563
1486656624,219606763,13250452.0,1458284,1486657563
1486657335,219606175,17993700.0,1458284,1486657563
1486657490,219608643,14553700.0,1458284,1486657563
1486657425,219608516,12633700.0,1458284,1486657563
1486657302,219608038,33471223.0,1458284,1486657563
1486656236,219600127,94442036.0,1458284,1486657563
1486656236,219598218,85194232.0,1458284,1486657563
1486657548,219608768,2674700.0,1458284,1486657563
1486656947,219607407,133618558.0,1458284,1486657563
1486656314,219600260,59543700.0,1458284,1486657563
1486657400,219606290,21163700.0,1458284,1486657563
1486657546,219612587,20923700.0,1458284,1486657563
1486656350,219602185,14214227.0,1458284,1486657563
1486656343,219604404,52926626.0,1458284,1486657563
1486656500,219606547,18104230.0,1458284,1486657563
1486657276,219604163,29263700.0,1458284,1486657563
1486657350,219604298,19773700.0,1458284,1486657563
1486656215,219598171,95875289.0,1458284,1486657563
1486656812,219603342,14999761.0,1458284,1486657563
1486657563,219612734,2730.0,1458284,1486657563
1486657082,219605712,322255227.0,1458284,1486657563
1486656330,219604385,25000054.0,1458284,1486657563
1486656255,219602357,15229177.0,1458284,1486657563
1486655954,219599556,824600.0,1458284,1486657563
1486657542,219608751,26488081.0,1458284,1486657563
1486654986,219593590,55538460.0,1458284,1486657563
1486655450,219596692,6120157.0,1458284,1486657563
1486656687,219603113,9014999.0,1458284,1486657563
1486656113,219601739,2795628.0,1458284,1486657563
1486655909,219601319,397789243.0,1458284,1486657563
1486657563,219612735,178624452.0,1458284,1486657563
1486657563,219612736,477364161.0,1458284,1486657563
1486656539,219604721,13566650.0,1458284,1486657563
1486657331,219606166,10455650.0,1458284,1486657563
1486657496,219608655,32310008.0,1458284,1486657563
1486655731,219600990,32121596.0,1458284,1486657563
1486656415,219604515,17954756.0,1458284,1486657563
1486656478,219604647,59735891.0,1458284,1486657563
1486655308,219596126,12531487.0,1458284,1486657563
1486655308,219596127,9950000.0,1458284,1486657563
1486657162,219605870,1282948700.0,1458284,1486657563
1486655718,219600968,2718828.0,1458284,1486657563
1486656372,219602570,6180000.0,1458284,1486657563
1486657207,219605950,7468067.0,1458284,1486657563
1486656656,219606825,29043.0,1458284,1486657563
1486656034,219597770,3236301.0,1458284,1486657563
1486655507,219600629,27907000.0,1458284,1486657563
1486656043,219599710,250959381.0,1458284,1486657563
1486656895,219607310,199979043.0,1458284,1486657563
1486655433,219596660,288856251.0,1458284,1486657563
1486655176,219592060,80000000.0,1458284,1486657563
1486657563,219612737,82330.0,1458284,1486657563
1486657515,219610612,11512677.0,1458284,1486657563
1486656415,219602652,560213.0,1458284,1486657563
1486655066,219591844,69811.0,1458284,1486657563
1486655290,219596090,521928.0,1458284,1486657563
1486656282,219602063,1113854.0,1458284,1486657563
1486657316,219604232,294122.0,1458284,1486657563
1486655693,219599031,850635.0,1458284,1486657563
1486655822,219601164,1458051.0,1458284,1486657563
1486656513,219602824,2544426.0,1458284,1486657563
1486655413,219596614,1308620.0,1458284,1486657563
1486656034,219599694,10882213.0,1458284,1486657563
1486655282,219596350,19391740.0,1458284,1486657563
1486655981,219597660,1370497.0,1458284,1486657563
1486654946,219595412,210518101.0,1458284,1486657563
1486655587,219600763,30006690.0,1458284,1486657563
1486656130,219601796,652280345.0,1458284,1486657563
1486656387,219602597,1394000.0,1458284,1486657563
1486656269,219600189,698536422.0,1458284,1486657563
1486656847,219607223,61963486.0,1458284,1486657563
1486655407,219598527,459673268.0,1458284,1486657563
1486654985,219591685,15595544.0,1458284,1486657563
1486656642,219604934,29133644.0,1458284,1486657563
1486657208,219604035,127331516.0,1458284,1486657563
1486656492,219606528,1996423787.0,1458284,1486657563
1486656511,219604692,4621331342.0,1458284,1486657563
1486656572,219604778,4132514149.0,1458284,1486657563
1486657083,219605713,31611543.0,1458284,1486657563
1486656485,219604657,1160039.0,1458284,1486657563
1486655377,219596530,2388504.0,1458284,1486657563
1486655664,219600881,389941336.0,1458284,1486657563
1486657446,219608561,179337935.0,1458284,1486657563
1486656606,219606735,505302381.0,1458284,1486657563
1486657444,219608292,9602266.0,1458284,1486657563
1486656935,219607385,18860071.0,1458284,1486657563
1486655015,219593658,2498869.0,1458284,1486657563
1486655170,219593959,334319499.0,1458284,1486657563
1486657327,219606160,416292401.0,1458284,1486657563
1486655888,219599424,458126889.0,1458284,1486657563
1486657089,219607652,184587335.0,1458284,1486657563
1486656217,219598180,10379426.0,1458284,1486657563
1486656125,219601779,24807002.0,1458284,1486657563
1486654982,219593585,362574370.0,1458284,1486657563
1486654986,219591688,259373296.0,1458284,1486657563
1486655238,219596271,277558845.0,1458284,1486657563
1486655052,219591826,603655673.0,1458284,1486657563
1486657004,219603702,70700809.0,1458284,1486657563
1486655528,219598742,948765005.0,1458284,1486657563
1486655287,219596083,93670333.0,1458284,1486657563
1486656265,219600182,16472210.0,1458284,1486657563
1486657443,219608552,7979394.0,1458284,1486657563
1486657030,219603752,4222818.0,1458284,1486657563
1486656144,219599949,487432518.0,1458284,1486657563
1486656406,219604499,17597760.0,1458284,1486657563
1486657493,219608386,36339212.0,1458284,1486657563
1486656369,219602565,650227548.0,1458284,1486657563
1486655965,219597633,3470027072.0,1458284,1486657563
1486656486,219602777,204868069.0,1458284,1486657563
1486656098,219597920,1085250.0,1458284,1486657563
1486655767,219601048,43398.0,1458284,1486657563
1486657072,219605685,1013681607.0,1458284,1486657563
1486657331,219604264,12711612.0,1458284,1486657563
1486655653,219600862,2231411.0,1458284,1486657563
1486656800,219603316,5395144.0,1458284,1486657563
1486656102,219597936,3207658.0,1458284,1486657563
1486655776,219599161,77903850.0,1458284,1486657563
1486656585,219602943,52342896.0,1458284,1486657563
1486655800,219597331,2652804.0,1458284,1486657563
1486656458,219602719,13973040.0,1458284,1486657563
1486657111,219605753,19772658.0,1458284,1486657563
1486657270,219604154,33828794.0,1458284,1486657563
1486655046,219595601,83875380.0,1458284,1486657563
1486657550,219608771,105744803.0,1458284,1486657563
1486655019,219595546,58935891.0,1458284,1486657563
1486655583,219600752,52097165.0,1458284,1486657563
1486655412,219600427,1854667.0,1458284,1486657563
1486656712,219603150,9864600.0,1458284,1486657563
1486656499,219606543,1799189.0,1458284,1486657563
1486655230,219596252,242217095.0,1458284,1486657563
1486656604,219606728,28542686.0,1458284,1486657563
1486657404,219608225,9770978.0,1458284,1486657563
1486656580,219606682,3086186.0,1458284,1486657563
1486656474,219606500,7607631.0,1458284,1486657563
1486654968,219595448,37700900.0,1458284,1486657563
1486655656,219597055,252065664.0,1458284,1486657563
1486655414,219600431,49646400.0,1458284,1486657563
1486656791,219603306,154742720.0,1458284,1486657563
1486655569,219598802,531017174.0,1458284,1486657563
1486655365,219600342,616228.0,1458284,1486657563
1486656607,219602995,107515592.0,1458284,1486657563
1486656908,219603523,33851840.0,1458284,1486657563
1486656082,219601643,68399410.0,1458284,1486657563
1486655198,219595901,230519320.0,1458284,1486657563
1486657294,219604198,7503421610.0,1458284,1486657563
1486655416,219600437,1930678.0,1458284,1486657563
1486656829,219605248,71032159.0,1458284,1486657563
1486655651,219597049,75895900.0,1458284,1486657563
1486655615,219596990,77040100.0,1458284,1486657563
1486655937,219599512,174672100.0,1458284,1486657563
1486656342,219604403,12805500.0,1458284,1486657563
1486655195,219595898,951300.0,1458284,1486657563
1486657563,219612738,45760397.0,1458284,1486657563
1486656756,219605114,28603287.0,1458284,1486657563
1486656454,219604599,6485906.0,1458284,1486657563
1486655587,219600764,1140206.0,1458284,1486657563
1486656125,219601781,1253641.0,1458284,1486657563
1486655199,219594010,32292040.0,1458284,1486657563
1486657295,219608028,7910188.0,1458284,1486657563
1486657175,219607789,7870144.0,1458284,1486657563
1486657094,219607659,635173.0,1458284,1486657563
1486657137,219603939,3010039.0,1458284,1486657563
1486656489,219602785,793154070.0,1458284,1486657563
1486655725,219599067,19303450.0,1458284,1486657563
1486657534,219610648,1500200.0,1458284,1486657563
1486654941,219595390,1500010.0,1458284,1486657563
1486657484,219610555,32463825.0,1458284,1486657563
1486656994,219607487,107954768.0,1458284,1486657563
1486656475,219604639,31307184.0,1458284,1486657563
1486656629,219603034,4866980.0,1458284,1486657563
1486655721,219600972,24900001.0,1458284,1486657563
1486656634,219603040,1500323.0,1458284,1486657563
1486655788,219599203,1500049.0,1458284,1486657563
1486657416,219606321,94243405.0,1458284,1486657563
1486655066,219593746,2403901.0,1458284,1486657563
1486657297,219608034,2580519.0,1458284,1486657563
1486656245,219602335,54203.0,1458284,1486657563
1486655277,219596346,69038652.0,1458284,1486657563
1486657090,219607654,17600587.0,1458284,1486657563
1486655537,219598754,501000066.0,1458284,1486657563
1486656351,219602190,332471204.0,1458284,1486657563
1486656470,219604625,207231074.0,1458284,1486657563
1486655996,219597682,6368762.0,1458284,1486657563
1486655548,219596870,100140632.0,1458284,1486657563
1486656439,219606447,3614135.0,1458284,1486657563
1486656591,219604819,256597906.0,1458284,1486657563
1486655977,219599587,152747.0,1458284,1486657563
1486655953,219597608,20584950.0,1458284,1486657563
1486655964,219601414,1376966816.0,1458284,1486657563
1486655822,219597362,1496178659.0,1458284,1486657563
1486655519,219600649,7279864.0,1458284,1486657563
1486655078,219595667,361512340.0,1458284,1486657563
1486654924,219593486,338240000.0,1458284,1486657563
1486655429,219600466,203151549.0,1458284,1486657563
1486655245,219594113,14793800.0,1458284,1486657563
1486655683,219599011,230075668.0,1458284,1486657563
1486655657,219597056,653000.0,1458284,1486657563
1486655016,219593659,6000.0,1458284,1486657563
1486655395,219596570,79805521.0,1458284,1486657563
1486657275,219604162,57228752.0,1458284,1486657563
1486656662,219606832,2622276.0,1458284,1486657563
1486656540,219606607,337220000.0,1458284,1486657563
1486655150,219595796,39825746.0,1458284,1486657563
1486655152,219595811,441158380.0,1458284,1486657563
1486655876,219599333,1549967000.0,1458284,1486657563
1486657255,219607934,779931.0,1458284,1486657563
1486657276,219607981,779931.0,1458284,1486657563
1486655539,219596846,8979931.0,1458284,1486657563
1486657264,219604143,879931.0,1458284,1486657563
1486655516,219600646,66366847.0,1458284,1486657563
1486657176,219607795,736843.0,1458284,1486657563
1486655493,219596772,402417.0,1458284,1486657563
1486655240,219594100,4068194.0,1458284,1486657563
1486655618,219600808,4371792.0,1458284,1486657563
1486655735,219597199,63226270.0,1458284,1486657563
1486656557,219604744,320533333.0,1458284,1486657563
1486657148,219603954,98890450.0,1458284,1486657563
1486654910,219591544,207904460.0,1458284,1486657563
1486656588,219602950,11862000.0,1458284,1486657563
1486657305,219604215,9980000.0,1458284,1486657563
1486657280,219607994,42583360.0,1458284,1486657563
1486656971,219603636,22388150.0,1458284,1486657563
1486656458,219604604,25369367.0,1458284,1486657563
1486656596,219602970,304223333.0,1458284,1486657563
1486656596,219602971,19950000.0,1458284,1486657563
1486656093,219601687,17336249.0,1458284,1486657563
1486657183,219605906,10914749.0,1458284,1486657563
1486655822,219597360,9419516.0,1458284,1486657563
1486656954,219607418,91139339.0,1458284,1486657563
1486656476,219606506,7236609.0,1458284,1486657563
1486655577,219596918,4978847.0,1458284,1486657563
1486655165,219595842,1851363.0,1458284,1486657563
1486655543,219600686,8400847.0,1458284,1486657563
1486656476,219606510,25206847.0,1458284,1486657563
1486656424,219606421,386538952.0,1458284,1486657563
1486655595,219598855,44070847.0,1458284,1486657563
1486656446,219604580,9169847.0,1458284,1486657563
1486656474,219606501,130021774.0,1458284,1486657563
1486654971,219591655,127921931.0,1458284,1486657563
1486656178,219601882,4119931.0,1458284,1486657563
1486655981,219599593,1797003.0,1458284,1486657563
1486656181,219600017,4979931.0,1458284,1486657563
1486655921,219601349,13937531.0,1458284,1486657563
1486654976,219593579,6879931.0,1458284,1486657563
1486656145,219598054,25157854.0,1458284,1486657563
1486656470,219606496,2142255.0,1458284,1486657563
1486657024,219607544,4453494.0,1458284,1486657563
1486656813,219603345,699956784.0,1458284,1486657563
1486656028,219599681,1935628.0,1458284,1486657563
1486655761,219597240,301034510.0,1458284,1486657563
1486656163,219599983,124935532.0,1458284,1486657563
1486656891,219605353,5941842.0,1458284,1486657563
1486656097,219597916,41978782.0,1458284,1486657563
1486655296,219596380,147788559.0,1458284,1486657563
1486656747,219606998,14156784.0,1458284,1486657563
1486655611,219596982,5119782.0,1458284,1486657563
1486656964,219605483,4046784.0,1458284,1486657563
1486656520,219606581,23392189.0,1458284,1486657563
1486656912,219605400,851106767.0,1458284,1486657563
1486656807,219607102,96228877.0,1458284,1486657563
1486655079,219591863,7129282.0,1458284,1486657563
1486655921,219601348,2087682.0,1458284,1486657563
1486657535,219608731,26657205.0,1458284,1486657563
1486655691,219599023,18576000.0,1458284,1486657563
1486655201,219595910,482718917.0,1458284,1486657563
1486656258,219600166,294540277.0,1458284,1486657563
